100
3
2 2 2 2 2 2 2 3 3
2 2 2 2 2 2 2 2 2
3
2 2 2 2 2 2 2 3 3
2 2 2 2 2 2 2 2 3
3
868959 813766 196624 115421 794244 728622 328162 287109 387863
776875 35768 177105 534381 241271 843128 449041 661961 60178
3
3 3 1 3 1 3 3 6 1
1 5 3 2 3 2 1 1 4
3
793388 285185 67374 785197 612312 136695 44438 460698 591377
203876 168387 596841 519013 772914 123947 627979 580962 566114
3
6 6 3 2 4 5 4 2 4
4 3 4 5 3 2 3 7 4
3
683287 682280 687730 686765 680319 690141 698409 700669 692327
691539 684227 696352 688919 684655 695643 687502 683909 689178
3
554092 401769 758221 364354 707674 447601 235638 627359 856535
28400 353414 784621 799110 33823 863929 78070 815602 741487
3
711136 715672 698033 714622 702020 714149 708844 704806 719473
711455 715393 700540 705386 706810 706257 719341 702914 720663
3
3 2 4 3 7 10 4 4 1
4 3 3 4 3 7 5 4 5
3
643062 653409 644254 648921 646358 641168 643382 646039 647468
645756 648492 660975 642164 641303 637522 645758 642450 649640
3
672318 554756 507819 993465 387671 67887 92872 642263 872523
914704 505823 207250 792384 739664 874624 144961 941370 519931
3
231387 822165 464925 714753 647721 984365 322183 610387 590849
383656 165794 290170 902837 205461 169030 195120 512522 917360
3
235973 234993 233643 231695 233144 234612 233213 232138 235765
233358 235630 235629 234385 231970 234210 234795 231351 233848
3
687599 986198 800199 15135 3069 842685 172252 575023 245911
500441 499841 913722 158349 837180 805904 941610 308858 712297
3
297972 717930 306965 640128 115639 472671 457506 843370 162918
798405 479646 736644 97623 280614 555556 730869 484692 55470
3
5 2 3 5 3 1 4 4 3
3 4 5 5 1 2 4 4 3
3
3 4 3 5 3 5 3 3 2
9 3 1 4 2 2 4 3 5
3
1 1 1 1 1 1 1 1 4
1 1 2 1 2 1 1 1 2
3
2 1 2 1 4 3 2 4 2
5 1 2 2 2 3 1 1 4
3
6 6 4 2 5 6 8 11 7
11 4 4 4 5 7 8 7 8
3
924024 463848 435070 413126 526626 958773 918783 913020 726905
893559 51843 695792 445618 844824 944003 452614 845794 488278
3
738516 732352 746691 743510 741455 734107 735017 729694 736619
739219 739561 737889 740547 735535 743744 743024 735050 723392
3
805244 94797 813051 750295 920052 145808 137727 63634 2840
948474 985267 894982 629269 488080 286153 866308 754255 841586
3
2 1 2 5 4 1 2 2 3
3 1 2 2 2 1 2 4 2
3
20848 971298 972781 474486 378534 428913 245120 782998 177306
148478 621048 243203 386022 8072 285094 30372 397291 707834
3
197416 714160 583530 557452 646808 763593 44324 954143 289876
560430 230019 839436 770786 893384 265120 501178 305539 130903
3
437968 328762 652090 393400 292735 364612 539793 414847 770628
54214 797844 568821 560011 523680 415956 474095 605579 674582
3
599237 612357 711198 748347 165849 881885 560114 208585 737772
679405 317436 632149 773230 867025 187529 963588 100813 730455
3
547765 591079 51360 589584 58535 505598 397247 728240 867150
779838 764379 71897 213723 160846 423631 607540 224637 331633
3
183573 186646 185202 187715 186558 183494 185703 189798 183380
184618 186251 187523 185871 187867 186345 185462 185073 183061
3
848419 562458 415373 354447 502534 900636 413518 739570 709185
113640 254963 941458 32536 59913 219294 850853 757556 422434
3
4 5 3 2 2 3 2 2 2
2 2 2 3 2 3 4 3 4
3
1 1 1 1 2 2 3 2 2
2 2 1 2 3 1 1 1 3
3
777752 981945 136775 399609 204549 9699 144327 460217 691985
320595 25264 904149 129792 884038 370899 370239 655637 948724
3
943532 513432 874632 589778 639936 296977 883746 310663 890139
589721 404114 455271 726328 619417 347575 212885 926479 471683
3
786966 570292 513883 376966 109013 890202 51730 542510 643494
261488 598736 397124 525296 921873 422323 667321 231736 658729
3
338481 146430 78466 632500 121281 9212 576169 951318 737259
88595 407262 791620 837541 567331 441970 956122 85557 431335
3
590259 351662 829649 164816 92499 224213 734912 593647 746926
708672 981761 307843 653838 91037 531629 17471 316067 563015
3
7 5 7 1 5 6 5 3 2
5 3 4 6 6 4 5 6 2
3
4 3 4 6 4 6 5 2 7
5 8 3 7 6 4 6 5 3
3
860235 191192 948031 342106 788531 906938 926350 226765 65310
425473 11352 698821 428100 262642 971971 317164 525754 858889
3
3 3 4 5 6 3 1 3 3
2 7 5 4 1 5 1 4 1
3
752442 158538 332410 254060 287644 777449 953204 480147 465290
921076 785519 501733 280908 795628 176744 39444 797916 473238
3
571947 352064 513668 741235 751555 983507 194653 400250 471315
912660 499773 320804 24233 318091 476419 664081 266802 654477
3
4 2 2 1 4 1 2 3 5
2 3 2 3 4 2 4 2 2
3
2 3 1 2 3 1 3 1 5
3 3 4 1 1 2 3 2 3
3
3 6 5 6 1 5 6 5 5
5 5 5 7 5 4 2 4 4
3
243188 248758 242988 243747 245945 242188 244541 246142 240993
246722 244189 241656 242174 245884 238751 246499 246481 246129
3
965891 820997 608136 807289 250179 122474 747451 934618 860958
427404 807382 623128 936885 892324 553574 861303 437747 754991
3
265271 946359 629019 983879 810315 393103 737690 675306 780757
931397 458228 928902 637599 315006 679696 184924 180318 146071
3
754024 7054 82213 660330 695323 900372 513190 193189 900794
163792 141034 557469 288805 635353 763627 569804 210875 922284
3
973493 503637 520114 526777 232873 747069 476643 994431 271997
702604 731732 652273 987293 119997 65882 997760 298437 990374
3
2 2 2 2 2 2 3 3 3
2 2 2 2 2 3 3 3 3
3
424288 432536 423917 429872 420248 429095 425222 425352 429331
425531 436619 426785 431391 423966 427172 424777 422664 420955
3
719181 911227 710665 839524 444015 668899 349212 866435 790664
952461 861139 855810 769733 110378 665716 40164 27580 126608
3
219865 798776 412590 474352 101966 760911 481536 17813 582641
264845 869863 375404 902796 871382 990190 235829 11651 214743
3
157681 700319 485160 212829 443867 881569 571976 844519 134630
131915 527277 466052 288281 690436 656021 247332 242536 602794
3
404123 976323 866493 891747 539931 617559 820081 845071 770987
147400 928840 897333 357713 362985 219234 735752 509471 261798
3
3 5 3 5 7 4 6 5 3
5 5 4 7 3 2 5 7 4
3
816980 809378 802574 804694 806860 801538 805947 794353 798688
812248 803779 820458 800103 789700 801123 814327 796297 802976
3
429147 421622 422068 424650 424780 423254 418489 422052 424543
425377 419811 423203 426833 420043 427640 421676 426584 419436
3
286239 295742 291172 288831 288605 292546 294243 293719 292701
292131 291840 291748 291668 293883 291667 288939 289621 292302
3
295632 292756 295855 294135 296940 297386 291272 294615 296521
293968 298568 290593 294895 297180 296876 289550 296051 297429
3
76784 76371 77356 76986 77386 77054 76739 76124 76522
76462 76732 77361 76438 76642 75881 77167 78116 76521
3
380189 386287 389304 382732 385959 385995 387689 386555 386068
384411 386533 391867 384004 381070 384911 385012 388283 384688
3
741549 758444 758770 746947 757543 753650 756463 764163 746266
758500 757336 763088 751034 751441 752835 746996 752914 749649
3
148358 145718 146533 148208 145924 148132 145872 146478 146102
145698 148183 147986 147689 146587 145586 145597 146821 147179
3
9 9 9 9 9 9 9 9 9
9 9 9 9 9 9 9 9 9
3
546351 431895 707681 31179 366572 768616 815996 594025 32264
761876 927680 998413 583406 676369 827497 58218 890891 583976
3
360580 427014 102583 313514 982437 695081 281312 744604 817903
395728 541422 601038 679273 384913 795566 951587 540948 332966
3
1 1 1 1 1 1 1 1 1
1 1 1 1 1 1 2 1 1
3
495842 492611 504807 495254 502641 494615 495125 498084 494454
496913 496183 491761 494562 497013 504436 499264 494164 499135
3
33640 33804 33814 33967 33399 33618 33725 34119 33998
33991 33640 33980 33746 33851 33817 34293 33090 33673
3
494570 328741 636551 670212 819130 396024 263891 542184 256908
399339 659544 816804 487050 504657 166023 731622 658169 366064
3
5 3 3 4 4 3 3 3 2
6 2 3 4 3 5 3 1 3
3
2 2 2 2 2 2 3 3 3
2 2 2 2 3 3 3 3 3
3
4 3 4 7 2 7 3 2 2
7 6 3 1 2 8 7 3 3
3
8 4 7 4 7 3 3 3 5
2 4 7 6 2 7 8 6 4
3
347602 343255 347801 344069 351473 346269 351152 346857 345898
348351 345311 349798 346858 344749 345122 348870 347116 348200
3
245932 322443 860427 440792 644399 490761 274265 806297 698116
225054 7000 851230 253322 278265 737438 869426 593660 804969
3
272736 863434 662981 204423 7865 662494 606556 224374 315471
667721 914311 418913 135953 594929 781928 403062 509656 931051
3
857451 846394 873719 870315 866470 858131 843299 862774 865975
858311 855769 858880 851197 868780 863457 863616 860032 864486
3
67408 884391 245897 143793 491328 556504 366156 751334 405003
306109 967858 801468 680071 659813 673316 723568 596133 815354
3
285546 919617 383040 791362 854903 647595 660565 5238 106626
667050 899580 160388 12508 836344 208774 498071 258441 762660
3
547952 248770 540787 835083 880096 137970 476391 452029 645309
475565 430859 286315 183572 748599 186715 33567 129823 878690
3
929797 942630 938270 954617 930943 933563 955366 933928 925718
933038 940823 932539 933973 942516 946601 937348 942713 935282
3
2 4 1 3 4 4 4 3 3
5 1 3 3 6 3 1 5 3
3
896448 856054 733495 350736 902490 724843 140813 351073 105062
713416 692112 384631 620743 584098 518824 765105 521337 934353
3
36295 36702 36303 36912 37144 36874 37138 36538 36569
36685 37181 36666 36591 36927 36717 36804 36467 36443
3
1 1 1 1 1 1 2 1 2
1 1 2 2 1 1 1 1 1
3
424309 675844 976376 833053 167148 339269 835956 306495 670454
195533 1662 800460 946821 549980 816717 416679 186678 966333
3
975342 990298 996662 981504 984850 990226 980331 981265 973269
980696 994300 993505 975664 983816 968641 991067 994647 971407
3
847855 837078 896379 160218 835681 993457 71683 126471 514870
629140 114247 49018 825458 494605 524798 636557 811392 852283
3
319528 832427 39083 407989 465646 317969 542736 26072 527687
427754 432045 966980 966749 870984 162507 937325 372826 198305
3
40132 39342 40054 39957 39507 40190 39528 39383 39525
39374 39943 40208 39341 39690 40016 39982 39689 39376
3
6 4 3 3 5 2 2 5 6
3 8 3 5 6 3 2 3 6
3
681251 422088 46033 394488 943358 751959 203566 311823 917126
286794 399231 331833 235034 529742 795881 422905 855506 985065
3
340630 339209 337012 337184 342488 337606 345379 340291 337097
342513 337095 337214 340679 342672 338596 335239 338683 344205
3
334067 16120 166457 783401 684342 790943 672664 531201 248780
402937 954643 542836 238622 752838 201866 84172 105713 179642
