200
48 46
42 29
50 26
40 11
18 3
29 44
3 9
49 41
26 16
10 28
48 18
2 21
12 45
35 10
23 12
48 30
22 50
22 44
34 7
37 2
28 38
2 50
4 2
2 1
34 15
31 26
25 1
46 15
22 38
2 28
16 49
6 8
15 19
42 14
30 37
28 22
32 11
50 22
24 41
5 31
44 8
42 10
46 6
44 35
28 24
26 9
28 2
31 1
24 40
45 13
26 3
47 1
46 18
32 45
19 20
26 15
46 22
45 36
30 13
31 20
33 25
39 4
37 49
47 43
35 43
38 46
5 5
28 30
47 28
40 5
46 35
20 23
42 48
25 23
10 41
30 40
9 17
26 42
5 23
18 14
11 37
16 35
24 14
36 6
41 13
43 16
24 50
29 22
5 25
3 11
50 50
43 37
39 18
2 45
2 23
50 25
39 41
48 47
42 48
4 24
34 25
27 22
31 34
50 28
48 37
10 49
41 41
12 48
3 36
50 19
25 12
34 39
47 9
30 30
20 22
45 45
23 50
48 33
22 14
20 36
48 36
4 25
22 48
34 32
14 28
10 14
12 35
50 48
15 26
46 27
44 15
49 14
17 31
49 42
7 17
7 31
3 20
16 13
40 19
47 38
27 9
21 18
49 15
22 41
23 24
28 42
28 35
34 41
44 24
47 26
13 19
50 16
21 48
47 24
7 5
39 28
38 34
26 5
46 47
41 6
11 34
50 39
23 3
14 24
28 16
27 49
25 50
16 16
15 3
42 7
47 17
48 4
40 17
42 9
20 21
5 21
35 20
38 9
33 30
40 36
16 3
22 28
17 14
49 8
2 50
37 37
23 2
46 25
14 18
34 11
44 32
18 46
43 19
2 30
27 3
26 23
14 27
30 50
31 45
34 17
