Case #1: 989
1 48 46
1 45 45
45 44 44
44 43 43
43 42 42
42 41 41
41 40 40
40 39 39
39 38 38
38 37 37
37 36 36
36 35 35
35 34 34
34 33 33
33 32 32
32 31 31
31 30 30
30 29 29
29 28 28
28 27 27
27 26 26
26 25 25
25 24 24
24 23 23
23 22 22
22 21 21
21 20 20
20 19 19
19 18 18
18 17 17
17 16 16
16 15 15
15 14 14
14 13 13
13 12 12
12 11 11
11 10 10
10 9 9
9 8 8
8 7 7
7 6 6
6 5 5
5 4 4
4 3 3
3 2 2
2 48 1
Case #2: 377
1 42 29
1 28 28
28 27 27
27 26 26
26 25 25
25 24 24
24 23 23
23 22 22
22 21 21
21 20 20
20 19 19
19 18 18
18 17 17
17 16 16
16 15 15
15 14 14
14 13 13
13 12 12
12 11 11
11 10 10
10 9 9
9 8 8
8 7 7
7 6 6
6 5 5
5 4 4
4 3 3
3 2 2
2 42 1
Case #3: 299
1 50 26
1 25 25
25 24 24
24 23 23
23 22 22
22 21 21
21 20 20
20 19 19
19 18 18
18 17 17
17 16 16
16 15 15
15 14 14
14 13 13
13 12 12
12 11 11
11 10 10
10 9 9
9 8 8
8 7 7
7 6 6
6 5 5
5 4 4
4 3 3
3 2 2
2 50 1
Case #4: 44
1 40 11
1 10 10
10 9 9
9 8 8
8 7 7
7 6 6
6 5 5
5 4 4
4 3 3
3 2 2
2 40 1
Case #5: 0
1 18 3
1 2 2
2 18 1
Case #6: 782
1 29 44
1 28 43
28 27 42
27 26 41
26 25 40
25 24 39
24 23 38
23 22 37
22 21 36
21 20 35
20 19 34
19 18 33
18 17 32
17 16 31
16 15 30
15 14 29
14 13 28
13 12 27
12 11 26
11 10 25
10 9 24
9 8 23
8 7 22
7 6 21
6 5 20
5 4 19
4 3 18
3 2 17
2 29 16
Case #7: 6
1 3 9
1 2 8
2 3 7
Case #8: 779
1 49 41
1 40 40
40 39 39
39 38 38
38 37 37
37 36 36
36 35 35
35 34 34
34 33 33
33 32 32
32 31 31
31 30 30
30 29 29
29 28 28
28 27 27
27 26 26
26 25 25
25 24 24
24 23 23
23 22 22
22 21 21
21 20 20
20 19 19
19 18 18
18 17 17
17 16 16
16 15 15
15 14 14
14 13 13
13 12 12
12 11 11
11 10 10
10 9 9
9 8 8
8 7 7
7 6 6
6 5 5
5 4 4
4 3 3
3 2 2
2 49 1
Case #9: 104
1 26 16
1 15 15
15 14 14
14 13 13
13 12 12
12 11 11
11 10 10
10 9 9
9 8 8
8 7 7
7 6 6
6 5 5
5 4 4
4 3 3
3 2 2
2 26 1
Case #10: 179
1 10 28
1 9 27
9 8 26
8 7 25
7 6 24
6 5 23
5 4 22
4 3 21
3 2 20
2 10 19
Case #11: 135
1 48 18
1 17 17
17 16 16
16 15 15
15 14 14
14 13 13
13 12 12
12 11 11
11 10 10
10 9 9
9 8 8
8 7 7
7 6 6
6 5 5
5 4 4
4 3 3
3 2 2
2 48 1
Case #12: 0
1 2 21
Case #13: 384
1 12 45
1 11 44
11 10 43
10 9 42
9 8 41
8 7 40
7 6 39
6 5 38
5 4 37
4 3 36
3 2 35
2 12 34
Case #14: 35
1 35 10
1 9 9
9 8 8
8 7 7
7 6 6
6 5 5
5 4 4
4 3 3
3 2 2
2 35 1
Case #15: 54
1 23 12
1 11 11
11 10 10
10 9 9
9 8 8
8 7 7
7 6 6
6 5 5
5 4 4
4 3 3
3 2 2
2 23 1
Case #16: 405
1 48 30
1 29 29
29 28 28
28 27 27
27 26 26
26 25 25
25 24 24
24 23 23
23 22 22
22 21 21
21 20 20
20 19 19
19 18 18
18 17 17
17 16 16
16 15 15
15 14 14
14 13 13
13 12 12
12 11 11
11 10 10
10 9 9
9 8 8
8 7 7
7 6 6
6 5 5
5 4 4
4 3 3
3 2 2
2 48 1
Case #17: 769
1 22 50
1 21 49
21 20 48
20 19 47
19 18 46
18 17 45
17 16 44
16 15 43
15 14 42
14 13 41
13 12 40
12 11 39
11 10 38
10 9 37
9 8 36
8 7 35
7 6 34
6 5 33
5 4 32
4 3 31
3 2 30
2 22 29
Case #18: 649
1 22 44
1 21 43
21 20 42
20 19 41
19 18 40
18 17 39
17 16 38
16 15 37
15 14 36
14 13 35
13 12 34
12 11 33
11 10 32
10 9 31
9 8 30
8 7 29
7 6 28
6 5 27
5 4 26
4 3 25
3 2 24
2 22 23
Case #19: 14
1 34 7
1 6 6
6 5 5
5 4 4
4 3 3
3 2 2
2 34 1
Case #20: 0
1 37 2
Case #21: 610
1 28 38
1 27 37
27 26 36
26 25 35
25 24 34
24 23 33
23 22 32
22 21 31
21 20 30
20 19 29
19 18 28
18 17 27
17 16 26
16 15 25
15 14 24
14 13 23
13 12 22
12 11 21
11 10 20
10 9 19
9 8 18
8 7 17
7 6 16
6 5 15
5 4 14
4 3 13
3 2 12
2 28 11
Case #22: 0
1 2 50
Case #23: 0
1 4 2
Case #24: 0
1 2 1
Case #25: 90
1 34 15
1 14 14
14 13 13
13 12 12
12 11 11
11 10 10
10 9 9
9 8 8
8 7 7
7 6 6
6 5 5
5 4 4
4 3 3
3 2 2
2 34 1
Case #26: 299
1 31 26
1 25 25
25 24 24
24 23 23
23 22 22
22 21 21
21 20 20
20 19 19
19 18 18
18 17 17
17 16 16
16 15 15
15 14 14
14 13 13
13 12 12
12 11 11
11 10 10
10 9 9
9 8 8
8 7 7
7 6 6
6 5 5
5 4 4
4 3 3
3 2 2
2 31 1
Case #27: 0
1 25 1
Case #28: 90
1 46 15
1 14 14
14 13 13
13 12 12
12 11 11
11 10 10
10 9 9
9 8 8
8 7 7
7 6 6
6 5 5
5 4 4
4 3 3
3 2 2
2 46 1
Case #29: 529
1 22 38
1 21 37
21 20 36
20 19 35
19 18 34
18 17 33
17 16 32
16 15 31
15 14 30
14 13 29
13 12 28
12 11 27
11 10 26
10 9 25
9 8 24
8 7 23
7 6 22
6 5 21
5 4 20
4 3 19
3 2 18
2 22 17
Case #30: 0
1 2 28
Case #31: 566
1 16 49
1 15 48
15 14 47
14 13 46
13 12 45
12 11 44
11 10 43
10 9 42
9 8 41
8 7 40
7 6 39
6 5 38
5 4 37
4 3 36
3 2 35
2 16 34
Case #32: 17
1 6 8
1 5 7
5 4 6
4 3 5
3 2 4
2 6 3
Case #33: 142
1 15 19
1 14 18
14 13 17
13 12 16
12 11 15
11 10 14
10 9 13
9 8 12
8 7 11
7 6 10
6 5 9
5 4 8
4 3 7
3 2 6
2 15 5
Case #34: 77
1 42 14
1 13 13
13 12 12
12 11 11
11 10 10
10 9 9
9 8 8
8 7 7
7 6 6
6 5 5
5 4 4
4 3 3
3 2 2
2 42 1
Case #35: 601
1 30 37
1 29 36
29 28 35
28 27 34
27 26 33
26 25 32
25 24 31
24 23 30
23 22 29
22 21 28
21 20 27
20 19 26
19 18 25
18 17 24
17 16 23
16 15 22
15 14 21
14 13 20
13 12 19
12 11 18
11 10 17
10 9 16
9 8 15
8 7 14
7 6 13
6 5 12
5 4 11
4 3 10
3 2 9
2 30 8
Case #36: 209
1 28 22
1 21 21
21 20 20
20 19 19
19 18 18
18 17 17
17 16 16
16 15 15
15 14 14
14 13 13
13 12 12
12 11 11
11 10 10
10 9 9
9 8 8
8 7 7
7 6 6
6 5 5
5 4 4
4 3 3
3 2 2
2 28 1
Case #37: 44
1 32 11
1 10 10
10 9 9
9 8 8
8 7 7
7 6 6
6 5 5
5 4 4
4 3 3
3 2 2
2 32 1
Case #38: 209
1 50 22
1 21 21
21 20 20
20 19 19
19 18 18
18 17 17
17 16 16
16 15 15
15 14 14
14 13 13
13 12 12
12 11 11
11 10 10
10 9 9
9 8 8
8 7 7
7 6 6
6 5 5
5 4 4
4 3 3
3 2 2
2 50 1
Case #39: 626
1 24 41
1 23 40
23 22 39
22 21 38
21 20 37
20 19 36
19 18 35
18 17 34
17 16 33
16 15 32
15 14 31
14 13 30
13 12 29
12 11 28
11 10 27
10 9 26
9 8 25
8 7 24
7 6 23
6 5 22
5 4 21
4 3 20
3 2 19
2 24 18
Case #40: 83
1 5 31
1 4 30
4 3 29
3 2 28
2 5 27
Case #41: 20
1 44 8
1 7 7
7 6 6
6 5 5
5 4 4
4 3 3
3 2 2
2 44 1
Case #42: 35
1 42 10
1 9 9
9 8 8
8 7 7
7 6 6
6 5 5
5 4 4
4 3 3
3 2 2
2 42 1
Case #43: 9
1 46 6
1 5 5
5 4 4
4 3 3
3 2 2
2 46 1
Case #44: 560
1 44 35
1 34 34
34 33 33
33 32 32
32 31 31
31 30 30
30 29 29
29 28 28
28 27 27
27 26 26
26 25 25
25 24 24
24 23 23
23 22 22
22 21 21
21 20 20
20 19 19
19 18 18
18 17 17
17 16 16
16 15 15
15 14 14
14 13 13
13 12 12
12 11 11
11 10 10
10 9 9
9 8 8
8 7 7
7 6 6
6 5 5
5 4 4
4 3 3
3 2 2
2 44 1
Case #45: 252
1 28 24
1 23 23
23 22 22
22 21 21
21 20 20
20 19 19
19 18 18
18 17 17
17 16 16
16 15 15
15 14 14
14 13 13
13 12 12
12 11 11
11 10 10
10 9 9
9 8 8
8 7 7
7 6 6
6 5 5
5 4 4
4 3 3
3 2 2
2 28 1
Case #46: 27
1 26 9
1 8 8
8 7 7
7 6 6
6 5 5
5 4 4
4 3 3
3 2 2
2 26 1
Case #47: 0
1 28 2
Case #48: 0
1 31 1
Case #49: 604
1 24 40
1 23 39
23 22 38
22 21 37
21 20 36
20 19 35
19 18 34
18 17 33
17 16 32
16 15 31
15 14 30
14 13 29
13 12 28
12 11 27
11 10 26
10 9 25
9 8 24
8 7 23
7 6 22
6 5 21
5 4 20
4 3 19
3 2 18
2 24 17
Case #50: 65
1 45 13
1 12 12
12 11 11
11 10 10
10 9 9
9 8 8
8 7 7
7 6 6
6 5 5
5 4 4
4 3 3
3 2 2
2 45 1
Case #51: 0
1 26 3
1 2 2
2 26 1
Case #52: 0
1 47 1
Case #53: 135
1 46 18
1 17 17
17 16 16
16 15 15
15 14 14
14 13 13
13 12 12
12 11 11
11 10 10
10 9 9
9 8 8
8 7 7
7 6 6
6 5 5
5 4 4
4 3 3
3 2 2
2 46 1
Case #54: 854
1 32 45
1 31 44
31 30 43
30 29 42
29 28 41
28 27 40
27 26 39
26 25 38
25 24 37
24 23 36
23 22 35
22 21 34
21 20 33
20 19 32
19 18 31
18 17 30
17 16 29
16 15 28
15 14 27
14 13 26
13 12 25
12 11 24
11 10 23
10 9 22
9 8 21
8 7 20
7 6 19
6 5 18
5 4 17
4 3 16
3 2 15
2 32 14
Case #55: 169
1 19 20
1 18 19
18 17 18
17 16 17
16 15 16
15 14 15
14 13 14
13 12 13
12 11 12
11 10 11
10 9 10
9 8 9
8 7 8
7 6 7
6 5 6
5 4 5
4 3 4
3 2 3
2 19 2
Case #56: 90
1 26 15
1 14 14
14 13 13
13 12 12
12 11 11
11 10 10
10 9 9
9 8 8
8 7 7
7 6 6
6 5 5
5 4 4
4 3 3
3 2 2
2 26 1
Case #57: 209
1 46 22
1 21 21
21 20 20
20 19 19
19 18 18
18 17 17
17 16 16
16 15 15
15 14 14
14 13 13
13 12 12
12 11 11
11 10 10
10 9 9
9 8 8
8 7 7
7 6 6
6 5 5
5 4 4
4 3 3
3 2 2
2 46 1
Case #58: 594
1 45 36
1 35 35
35 34 34
34 33 33
33 32 32
32 31 31
31 30 30
30 29 29
29 28 28
28 27 27
27 26 26
26 25 25
25 24 24
24 23 23
23 22 22
22 21 21
21 20 20
20 19 19
19 18 18
18 17 17
17 16 16
16 15 15
15 14 14
14 13 13
13 12 12
12 11 11
11 10 10
10 9 9
9 8 8
8 7 7
7 6 6
6 5 5
5 4 4
4 3 3
3 2 2
2 45 1
Case #59: 65
1 30 13
1 12 12
12 11 11
11 10 10
10 9 9
9 8 8
8 7 7
7 6 6
6 5 5
5 4 4
4 3 3
3 2 2
2 30 1
Case #60: 170
1 31 20
1 19 19
19 18 18
18 17 17
17 16 16
16 15 15
15 14 14
14 13 13
13 12 12
12 11 11
11 10 10
10 9 9
9 8 8
8 7 7
7 6 6
6 5 5
5 4 4
4 3 3
3 2 2
2 31 1
Case #61: 275
1 33 25
1 24 24
24 23 23
23 22 22
22 21 21
21 20 20
20 19 19
19 18 18
18 17 17
17 16 16
16 15 15
15 14 14
14 13 13
13 12 12
12 11 11
11 10 10
10 9 9
9 8 8
8 7 7
7 6 6
6 5 5
5 4 4
4 3 3
3 2 2
2 33 1
Case #62: 2
1 39 4
1 3 3
3 2 2
2 39 1
Case #63: 1049
1 37 49
1 36 48
36 35 47
35 34 46
34 33 45
33 32 44
32 31 43
31 30 42
30 29 41
29 28 40
28 27 39
27 26 38
26 25 37
25 24 36
24 23 35
23 22 34
22 21 33
21 20 32
20 19 31
19 18 30
18 17 29
17 16 28
16 15 27
15 14 26
14 13 25
13 12 24
12 11 23
11 10 22
10 9 21
9 8 20
8 7 19
7 6 18
6 5 17
5 4 16
4 3 15
3 2 14
2 37 13
Case #64: 860
1 47 43
1 42 42
42 41 41
41 40 40
40 39 39
39 38 38
38 37 37
37 36 36
36 35 35
35 34 34
34 33 33
33 32 32
32 31 31
31 30 30
30 29 29
29 28 28
28 27 27
27 26 26
26 25 25
25 24 24
24 23 23
23 22 22
22 21 21
21 20 20
20 19 19
19 18 18
18 17 17
17 16 16
16 15 15
15 14 14
14 13 13
13 12 12
12 11 11
11 10 10
10 9 9
9 8 8
8 7 7
7 6 6
6 5 5
5 4 4
4 3 3
3 2 2
2 47 1
Case #65: 824
1 35 43
1 34 42
34 33 41
33 32 40
32 31 39
31 30 38
30 29 37
29 28 36
28 27 35
27 26 34
26 25 33
25 24 32
24 23 31
23 22 30
22 21 29
21 20 28
20 19 27
19 18 26
18 17 25
17 16 24
16 15 23
15 14 22
14 13 21
13 12 20
12 11 19
11 10 18
10 9 17
9 8 16
8 7 15
7 6 14
6 5 13
5 4 12
4 3 11
3 2 10
2 35 9
Case #66: 953
1 38 46
1 37 45
37 36 44
36 35 43
35 34 42
34 33 41
33 32 40
32 31 39
31 30 38
30 29 37
29 28 36
28 27 35
27 26 34
26 25 33
25 24 32
24 23 31
23 22 30
22 21 29
21 20 28
20 19 27
19 18 26
18 17 25
17 16 24
16 15 23
15 14 22
14 13 21
13 12 20
12 11 19
11 10 18
10 9 17
9 8 16
8 7 15
7 6 14
6 5 13
5 4 12
4 3 11
3 2 10
2 38 9
Case #67: 5
1 5 5
1 4 4
4 3 3
3 2 2
2 5 1
Case #68: 402
1 28 30
1 27 29
27 26 28
26 25 27
25 24 26
24 23 25
23 22 24
22 21 23
21 20 22
20 19 21
19 18 20
18 17 19
17 16 18
16 15 17
15 14 16
14 13 15
13 12 14
12 11 13
11 10 12
10 9 11
9 8 10
8 7 9
7 6 8
6 5 7
5 4 6
4 3 5
3 2 4
2 28 3
Case #69: 350
1 47 28
1 27 27
27 26 26
26 25 25
25 24 24
24 23 23
23 22 22
22 21 21
21 20 20
20 19 19
19 18 18
18 17 17
17 16 16
16 15 15
15 14 14
14 13 13
13 12 12
12 11 11
11 10 10
10 9 9
9 8 8
8 7 7
7 6 6
6 5 5
5 4 4
4 3 3
3 2 2
2 47 1
Case #70: 5
1 40 5
1 4 4
4 3 3
3 2 2
2 40 1
Case #71: 560
1 46 35
1 34 34
34 33 33
33 32 32
32 31 31
31 30 30
30 29 29
29 28 28
28 27 27
27 26 26
26 25 25
25 24 24
24 23 23
23 22 22
22 21 21
21 20 20
20 19 19
19 18 18
18 17 17
17 16 16
16 15 15
15 14 14
14 13 13
13 12 12
12 11 11
11 10 10
10 9 9
9 8 8
8 7 7
7 6 6
6 5 5
5 4 4
4 3 3
3 2 2
2 46 1
Case #72: 224
1 20 23
1 19 22
19 18 21
18 17 20
17 16 19
16 15 18
15 14 17
14 13 16
13 12 15
12 11 14
11 10 13
10 9 12
9 8 11
8 7 10
7 6 9
6 5 8
5 4 7
4 3 6
3 2 5
2 20 4
Case #73: 1059
1 42 48
1 41 47
41 40 46
40 39 45
39 38 44
38 37 43
37 36 42
36 35 41
35 34 40
34 33 39
33 32 38
32 31 37
31 30 36
30 29 35
29 28 34
28 27 33
27 26 32
26 25 31
25 24 30
24 23 29
23 22 28
22 21 27
21 20 26
20 19 25
19 18 24
18 17 23
17 16 22
16 15 21
15 14 20
14 13 19
13 12 18
12 11 17
11 10 16
10 9 15
9 8 14
8 7 13
7 6 12
6 5 11
5 4 10
4 3 9
3 2 8
2 42 7
Case #74: 230
1 25 23
1 22 22
22 21 21
21 20 20
20 19 19
19 18 18
18 17 17
17 16 16
16 15 15
15 14 14
14 13 13
13 12 12
12 11 11
11 10 10
10 9 9
9 8 8
8 7 7
7 6 6
6 5 5
5 4 4
4 3 3
3 2 2
2 25 1
Case #75: 283
1 10 41
1 9 40
9 8 39
8 7 38
7 6 37
6 5 36
5 4 35
4 3 34
3 2 33
2 10 32
Case #76: 685
1 30 40
1 29 39
29 28 38
28 27 37
27 26 36
26 25 35
25 24 34
24 23 33
23 22 32
22 21 31
21 20 30
20 19 29
19 18 28
18 17 27
17 16 26
16 15 25
15 14 24
14 13 23
13 12 22
12 11 21
11 10 20
10 9 19
9 8 18
8 7 17
7 6 16
6 5 15
5 4 14
4 3 13
3 2 12
2 30 11
Case #77: 83
1 9 17
1 8 16
8 7 15
7 6 14
6 5 13
5 4 12
4 3 11
3 2 10
2 9 9
Case #78: 683
1 26 42
1 25 41
25 24 40
24 23 39
23 22 38
22 21 37
21 20 36
20 19 35
19 18 34
18 17 33
17 16 32
16 15 31
15 14 30
14 13 29
13 12 28
12 11 27
11 10 26
10 9 25
9 8 24
8 7 23
7 6 22
6 5 21
5 4 20
4 3 19
3 2 18
2 26 17
Case #79: 59
1 5 23
1 4 22
4 3 21
3 2 20
2 5 19
Case #80: 77
1 18 14
1 13 13
13 12 12
12 11 11
11 10 10
10 9 9
9 8 8
8 7 7
7 6 6
6 5 5
5 4 4
4 3 3
3 2 2
2 18 1
Case #81: 278
1 11 37
1 10 36
10 9 35
9 8 34
8 7 33
7 6 32
6 5 31
5 4 30
4 3 29
3 2 28
2 11 27
Case #82: 370
1 16 35
1 15 34
15 14 33
14 13 32
13 12 31
12 11 30
11 10 29
10 9 28
9 8 27
8 7 26
7 6 25
6 5 24
5 4 23
4 3 22
3 2 21
2 16 20
Case #83: 77
1 24 14
1 13 13
13 12 12
12 11 11
11 10 10
10 9 9
9 8 8
8 7 7
7 6 6
6 5 5
5 4 4
4 3 3
3 2 2
2 24 1
Case #84: 9
1 36 6
1 5 5
5 4 4
4 3 3
3 2 2
2 36 1
Case #85: 65
1 41 13
1 12 12
12 11 11
11 10 10
10 9 9
9 8 8
8 7 7
7 6 6
6 5 5
5 4 4
4 3 3
3 2 2
2 41 1
Case #86: 104
1 43 16
1 15 15
15 14 14
14 13 13
13 12 12
12 11 11
11 10 10
10 9 9
9 8 8
8 7 7
7 6 6
6 5 5
5 4 4
4 3 3
3 2 2
2 43 1
Case #87: 824
1 24 50
1 23 49
23 22 48
22 21 47
21 20 46
20 19 45
19 18 44
18 17 43
17 16 42
16 15 41
15 14 40
14 13 39
13 12 38
12 11 37
11 10 36
10 9 35
9 8 34
8 7 33
7 6 32
6 5 31
5 4 30
4 3 29
3 2 28
2 24 27
Case #88: 209
1 29 22
1 21 21
21 20 20
20 19 19
19 18 18
18 17 17
17 16 16
16 15 15
15 14 14
14 13 13
13 12 12
12 11 11
11 10 10
10 9 9
9 8 8
8 7 7
7 6 6
6 5 5
5 4 4
4 3 3
3 2 2
2 29 1
Case #89: 65
1 5 25
1 4 24
4 3 23
3 2 22
2 5 21
Case #90: 8
1 3 11
1 2 10
2 3 9
Case #91: 1175
1 50 50
1 49 49
49 48 48
48 47 47
47 46 46
46 45 45
45 44 44
44 43 43
43 42 42
42 41 41
41 40 40
40 39 39
39 38 38
38 37 37
37 36 36
36 35 35
35 34 34
34 33 33
33 32 32
32 31 31
31 30 30
30 29 29
29 28 28
28 27 27
27 26 26
26 25 25
25 24 24
24 23 23
23 22 22
22 21 21
21 20 20
20 19 19
19 18 18
18 17 17
17 16 16
16 15 15
15 14 14
14 13 13
13 12 12
12 11 11
11 10 10
10 9 9
9 8 8
8 7 7
7 6 6
6 5 5
5 4 4
4 3 3
3 2 2
2 50 1
Case #92: 629
1 43 37
1 36 36
36 35 35
35 34 34
34 33 33
33 32 32
32 31 31
31 30 30
30 29 29
29 28 28
28 27 27
27 26 26
26 25 25
25 24 24
24 23 23
23 22 22
22 21 21
21 20 20
20 19 19
19 18 18
18 17 17
17 16 16
16 15 15
15 14 14
14 13 13
13 12 12
12 11 11
11 10 10
10 9 9
9 8 8
8 7 7
7 6 6
6 5 5
5 4 4
4 3 3
3 2 2
2 43 1
Case #93: 135
1 39 18
1 17 17
17 16 16
16 15 15
15 14 14
14 13 13
13 12 12
12 11 11
11 10 10
10 9 9
9 8 8
8 7 7
7 6 6
6 5 5
5 4 4
4 3 3
3 2 2
2 39 1
Case #94: 0
1 2 45
Case #95: 0
1 2 23
Case #96: 275
1 50 25
1 24 24
24 23 23
23 22 22
22 21 21
21 20 20
20 19 19
19 18 18
18 17 17
17 16 16
16 15 15
15 14 14
14 13 13
13 12 12
12 11 11
11 10 10
10 9 9
9 8 8
8 7 7
7 6 6
6 5 5
5 4 4
4 3 3
3 2 2
2 50 1
Case #97: 776
1 39 41
1 38 40
38 37 39
37 36 38
36 35 37
35 34 36
34 33 35
33 32 34
32 31 33
31 30 32
30 29 31
29 28 30
28 27 29
27 26 28
26 25 27
25 24 26
24 23 25
23 22 24
22 21 23
21 20 22
20 19 21
19 18 20
18 17 19
17 16 18
16 15 17
15 14 16
14 13 15
13 12 14
12 11 13
11 10 12
10 9 11
9 8 10
8 7 9
7 6 8
6 5 7
5 4 6
4 3 5
3 2 4
2 39 3
Case #98: 1034
1 48 47
1 46 46
46 45 45
45 44 44
44 43 43
43 42 42
42 41 41
41 40 40
40 39 39
39 38 38
38 37 37
37 36 36
36 35 35
35 34 34
34 33 33
33 32 32
32 31 31
31 30 30
30 29 29
29 28 28
28 27 27
27 26 26
26 25 25
25 24 24
24 23 23
23 22 22
22 21 21
21 20 20
20 19 19
19 18 18
18 17 17
17 16 16
16 15 15
15 14 14
14 13 13
13 12 12
12 11 11
11 10 10
10 9 9
9 8 8
8 7 7
7 6 6
6 5 5
5 4 4
4 3 3
3 2 2
2 48 1
Case #99: 1059
1 42 48
1 41 47
41 40 46
40 39 45
39 38 44
38 37 43
37 36 42
36 35 41
35 34 40
34 33 39
33 32 38
32 31 37
31 30 36
30 29 35
29 28 34
28 27 33
27 26 32
26 25 31
25 24 30
24 23 29
23 22 28
22 21 27
21 20 26
20 19 25
19 18 24
18 17 23
17 16 22
16 15 21
15 14 20
14 13 19
13 12 18
12 11 17
11 10 16
10 9 15
9 8 14
8 7 13
7 6 12
6 5 11
5 4 10
4 3 9
3 2 8
2 42 7
Case #100: 42
1 4 24
1 3 23
3 2 22
2 4 21
Case #101: 275
1 34 25
1 24 24
24 23 23
23 22 22
22 21 21
21 20 20
20 19 19
19 18 18
18 17 17
17 16 16
16 15 15
15 14 14
14 13 13
13 12 12
12 11 11
11 10 10
10 9 9
9 8 8
8 7 7
7 6 6
6 5 5
5 4 4
4 3 3
3 2 2
2 34 1
Case #102: 209
1 27 22
1 21 21
21 20 20
20 19 19
19 18 18
18 17 17
17 16 16
16 15 15
15 14 14
14 13 13
13 12 12
12 11 11
11 10 10
10 9 9
9 8 8
8 7 7
7 6 6
6 5 5
5 4 4
4 3 3
3 2 2
2 27 1
Case #103: 521
1 31 34
1 30 33
30 29 32
29 28 31
28 27 30
27 26 29
26 25 28
25 24 27
24 23 26
23 22 25
22 21 24
21 20 23
20 19 22
19 18 21
18 17 20
17 16 19
16 15 18
15 14 17
14 13 16
13 12 15
12 11 14
11 10 13
10 9 12
9 8 11
8 7 10
7 6 9
6 5 8
5 4 7
4 3 6
3 2 5
2 31 4
Case #104: 350
1 50 28
1 27 27
27 26 26
26 25 25
25 24 24
24 23 23
23 22 22
22 21 21
21 20 20
20 19 19
19 18 18
18 17 17
17 16 16
16 15 15
15 14 14
14 13 13
13 12 12
12 11 11
11 10 10
10 9 9
9 8 8
8 7 7
7 6 6
6 5 5
5 4 4
4 3 3
3 2 2
2 50 1
Case #105: 629
1 48 37
1 36 36
36 35 35
35 34 34
34 33 33
33 32 32
32 31 31
31 30 30
30 29 29
29 28 28
28 27 27
27 26 26
26 25 25
25 24 24
24 23 23
23 22 22
22 21 21
21 20 20
20 19 19
19 18 18
18 17 17
17 16 16
16 15 15
15 14 14
14 13 13
13 12 12
12 11 11
11 10 10
10 9 9
9 8 8
8 7 7
7 6 6
6 5 5
5 4 4
4 3 3
3 2 2
2 48 1
Case #106: 347
1 10 49
1 9 48
9 8 47
8 7 46
7 6 45
6 5 44
5 4 43
4 3 42
3 2 41
2 10 40
Case #107: 779
1 41 41
1 40 40
40 39 39
39 38 38
38 37 37
37 36 36
36 35 35
35 34 34
34 33 33
33 32 32
32 31 31
31 30 30
30 29 29
29 28 28
28 27 27
27 26 26
26 25 25
25 24 24
24 23 23
23 22 22
22 21 21
21 20 20
20 19 19
19 18 18
18 17 17
17 16 16
16 15 15
15 14 14
14 13 13
13 12 12
12 11 11
11 10 10
10 9 9
9 8 8
8 7 7
7 6 6
6 5 5
5 4 4
4 3 3
3 2 2
2 41 1
Case #108: 414
1 12 48
1 11 47
11 10 46
10 9 45
9 8 44
8 7 43
7 6 42
6 5 41
5 4 40
4 3 39
3 2 38
2 12 37
Case #109: 33
1 3 36
1 2 35
2 3 34
Case #110: 152
1 50 19
1 18 18
18 17 17
17 16 16
16 15 15
15 14 14
14 13 13
13 12 12
12 11 11
11 10 10
10 9 9
9 8 8
8 7 7
7 6 6
6 5 5
5 4 4
4 3 3
3 2 2
2 50 1
Case #111: 54
1 25 12
1 11 11
11 10 10
10 9 9
9 8 8
8 7 7
7 6 6
6 5 5
5 4 4
4 3 3
3 2 2
2 25 1
Case #112: 687
1 34 39
1 33 38
33 32 37
32 31 36
31 30 35
30 29 34
29 28 33
28 27 32
27 26 31
26 25 30
25 24 29
24 23 28
23 22 27
22 21 26
21 20 25
20 19 24
19 18 23
18 17 22
17 16 21
16 15 20
15 14 19
14 13 18
13 12 17
12 11 16
11 10 15
10 9 14
9 8 13
8 7 12
7 6 11
6 5 10
5 4 9
4 3 8
3 2 7
2 34 6
Case #113: 27
1 47 9
1 8 8
8 7 7
7 6 6
6 5 5
5 4 4
4 3 3
3 2 2
2 47 1
Case #114: 405
1 30 30
1 29 29
29 28 28
28 27 27
27 26 26
26 25 25
25 24 24
24 23 23
23 22 22
22 21 21
21 20 20
20 19 19
19 18 18
18 17 17
17 16 16
16 15 15
15 14 14
14 13 13
13 12 12
12 11 11
11 10 10
10 9 9
9 8 8
8 7 7
7 6 6
6 5 5
5 4 4
4 3 3
3 2 2
2 30 1
Case #115: 206
1 20 22
1 19 21
19 18 20
18 17 19
17 16 18
16 15 17
15 14 16
14 13 15
13 12 14
12 11 13
11 10 12
10 9 11
9 8 10
8 7 9
7 6 8
6 5 7
5 4 6
4 3 5
3 2 4
2 20 3
Case #116: 945
1 45 45
1 44 44
44 43 43
43 42 42
42 41 41
41 40 40
40 39 39
39 38 38
38 37 37
37 36 36
36 35 35
35 34 34
34 33 33
33 32 32
32 31 31
31 30 30
30 29 29
29 28 28
28 27 27
27 26 26
26 25 25
25 24 24
24 23 23
23 22 22
22 21 21
21 20 20
20 19 19
19 18 18
18 17 17
17 16 16
16 15 15
15 14 14
14 13 13
13 12 12
12 11 11
11 10 10
10 9 9
9 8 8
8 7 7
7 6 6
6 5 5
5 4 4
4 3 3
3 2 2
2 45 1
Case #117: 797
1 23 50
1 22 49
22 21 48
21 20 47
20 19 46
19 18 45
18 17 44
17 16 43
16 15 42
15 14 41
14 13 40
13 12 39
12 11 38
11 10 37
10 9 36
9 8 35
8 7 34
7 6 33
6 5 32
5 4 31
4 3 30
3 2 29
2 23 28
Case #118: 495
1 48 33
1 32 32
32 31 31
31 30 30
30 29 29
29 28 28
28 27 27
27 26 26
26 25 25
25 24 24
24 23 23
23 22 22
22 21 21
21 20 20
20 19 19
19 18 18
18 17 17
17 16 16
16 15 15
15 14 14
14 13 13
13 12 12
12 11 11
11 10 10
10 9 9
9 8 8
8 7 7
7 6 6
6 5 5
5 4 4
4 3 3
3 2 2
2 48 1
Case #119: 77
1 22 14
1 13 13
13 12 12
12 11 11
11 10 10
10 9 9
9 8 8
8 7 7
7 6 6
6 5 5
5 4 4
4 3 3
3 2 2
2 22 1
Case #120: 458
1 20 36
1 19 35
19 18 34
18 17 33
17 16 32
16 15 31
15 14 30
14 13 29
13 12 28
12 11 27
11 10 26
10 9 25
9 8 24
8 7 23
7 6 22
6 5 21
5 4 20
4 3 19
3 2 18
2 20 17
Case #121: 594
1 48 36
1 35 35
35 34 34
34 33 33
33 32 32
32 31 31
31 30 30
30 29 29
29 28 28
28 27 27
27 26 26
26 25 25
25 24 24
24 23 23
23 22 22
22 21 21
21 20 20
20 19 19
19 18 18
18 17 17
17 16 16
16 15 15
15 14 14
14 13 13
13 12 12
12 11 11
11 10 10
10 9 9
9 8 8
8 7 7
7 6 6
6 5 5
5 4 4
4 3 3
3 2 2
2 48 1
Case #122: 44
1 4 25
1 3 24
3 2 23
2 4 22
Case #123: 729
1 22 48
1 21 47
21 20 46
20 19 45
19 18 44
18 17 43
17 16 42
16 15 41
15 14 40
14 13 39
13 12 38
12 11 37
11 10 36
10 9 35
9 8 34
8 7 33
7 6 32
6 5 31
5 4 30
4 3 29
3 2 28
2 22 27
Case #124: 464
1 34 32
1 31 31
31 30 30
30 29 29
29 28 28
28 27 27
27 26 26
26 25 25
25 24 24
24 23 23
23 22 22
22 21 21
21 20 20
20 19 19
19 18 18
18 17 17
17 16 16
16 15 15
15 14 14
14 13 13
13 12 12
12 11 11
11 10 10
10 9 9
9 8 8
8 7 7
7 6 6
6 5 5
5 4 4
4 3 3
3 2 2
2 34 1
Case #125: 245
1 14 28
1 13 27
13 12 26
12 11 25
11 10 24
10 9 23
9 8 22
8 7 21
7 6 20
6 5 19
5 4 18
4 3 17
3 2 16
2 14 15
Case #126: 67
1 10 14
1 9 13
9 8 12
8 7 11
7 6 10
6 5 9
5 4 8
4 3 7
3 2 6
2 10 5
Case #127: 284
1 12 35
1 11 34
11 10 33
10 9 32
9 8 31
8 7 30
7 6 29
6 5 28
5 4 27
4 3 26
3 2 25
2 12 24
Case #128: 1080
1 50 48
1 47 47
47 46 46
46 45 45
45 44 44
44 43 43
43 42 42
42 41 41
41 40 40
40 39 39
39 38 38
38 37 37
37 36 36
36 35 35
35 34 34
34 33 33
33 32 32
32 31 31
31 30 30
30 29 29
29 28 28
28 27 27
27 26 26
26 25 25
25 24 24
24 23 23
23 22 22
22 21 21
21 20 20
20 19 19
19 18 18
18 17 17
17 16 16
16 15 15
15 14 14
14 13 13
13 12 12
12 11 11
11 10 10
10 9 9
9 8 8
8 7 7
7 6 6
6 5 5
5 4 4
4 3 3
3 2 2
2 50 1
Case #129: 233
1 15 26
1 14 25
14 13 24
13 12 23
12 11 22
11 10 21
10 9 20
9 8 19
8 7 18
7 6 17
6 5 16
5 4 15
4 3 14
3 2 13
2 15 12
Case #130: 324
1 46 27
1 26 26
26 25 25
25 24 24
24 23 23
23 22 22
22 21 21
21 20 20
20 19 19
19 18 18
18 17 17
17 16 16
16 15 15
15 14 14
14 13 13
13 12 12
12 11 11
11 10 10
10 9 9
9 8 8
8 7 7
7 6 6
6 5 5
5 4 4
4 3 3
3 2 2
2 46 1
Case #131: 90
1 44 15
1 14 14
14 13 13
13 12 12
12 11 11
11 10 10
10 9 9
9 8 8
8 7 7
7 6 6
6 5 5
5 4 4
4 3 3
3 2 2
2 44 1
Case #132: 77
1 49 14
1 13 13
13 12 12
12 11 11
11 10 10
10 9 9
9 8 8
8 7 7
7 6 6
6 5 5
5 4 4
4 3 3
3 2 2
2 49 1
Case #133: 329
1 17 31
1 16 30
16 15 29
15 14 28
14 13 27
13 12 26
12 11 25
11 10 24
10 9 23
9 8 22
8 7 21
7 6 20
6 5 19
5 4 18
4 3 17
3 2 16
2 17 15
Case #134: 819
1 49 42
1 41 41
41 40 40
40 39 39
39 38 38
38 37 37
37 36 36
36 35 35
35 34 34
34 33 33
33 32 32
32 31 31
31 30 30
30 29 29
29 28 28
28 27 27
27 26 26
26 25 25
25 24 24
24 23 23
23 22 22
22 21 21
21 20 20
20 19 19
19 18 18
18 17 17
17 16 16
16 15 15
15 14 14
14 13 13
13 12 12
12 11 11
11 10 10
10 9 9
9 8 8
8 7 7
7 6 6
6 5 5
5 4 4
4 3 3
3 2 2
2 49 1
Case #135: 64
1 7 17
1 6 16
6 5 15
5 4 14
4 3 13
3 2 12
2 7 11
Case #136: 134
1 7 31
1 6 30
6 5 29
5 4 28
4 3 27
3 2 26
2 7 25
Case #137: 17
1 3 20
1 2 19
2 3 18
Case #138: 65
1 16 13
1 12 12
12 11 11
11 10 10
10 9 9
9 8 8
8 7 7
7 6 6
6 5 5
5 4 4
4 3 3
3 2 2
2 16 1
Case #139: 152
1 40 19
1 18 18
18 17 17
17 16 16
16 15 15
15 14 14
14 13 13
13 12 12
12 11 11
11 10 10
10 9 9
9 8 8
8 7 7
7 6 6
6 5 5
5 4 4
4 3 3
3 2 2
2 40 1
Case #140: 665
1 47 38
1 37 37
37 36 36
36 35 35
35 34 34
34 33 33
33 32 32
32 31 31
31 30 30
30 29 29
29 28 28
28 27 27
27 26 26
26 25 25
25 24 24
24 23 23
23 22 22
22 21 21
21 20 20
20 19 19
19 18 18
18 17 17
17 16 16
16 15 15
15 14 14
14 13 13
13 12 12
12 11 11
11 10 10
10 9 9
9 8 8
8 7 7
7 6 6
6 5 5
5 4 4
4 3 3
3 2 2
2 47 1
Case #141: 27
1 27 9
1 8 8
8 7 7
7 6 6
6 5 5
5 4 4
4 3 3
3 2 2
2 27 1
Case #142: 135
1 21 18
1 17 17
17 16 16
16 15 15
15 14 14
14 13 13
13 12 12
12 11 11
11 10 10
10 9 9
9 8 8
8 7 7
7 6 6
6 5 5
5 4 4
4 3 3
3 2 2
2 21 1
Case #143: 90
1 49 15
1 14 14
14 13 13
13 12 12
12 11 11
11 10 10
10 9 9
9 8 8
8 7 7
7 6 6
6 5 5
5 4 4
4 3 3
3 2 2
2 49 1
Case #144: 589
1 22 41
1 21 40
21 20 39
20 19 38
19 18 37
18 17 36
17 16 35
16 15 34
15 14 33
14 13 32
13 12 31
12 11 30
11 10 29
10 9 28
9 8 27
8 7 26
7 6 25
6 5 24
5 4 23
4 3 22
3 2 21
2 22 20
Case #145: 251
1 23 24
1 22 23
22 21 22
21 20 21
20 19 20
19 18 19
18 17 18
17 16 17
16 15 16
15 14 15
14 13 14
13 12 13
12 11 12
11 10 11
10 9 10
9 8 9
8 7 8
7 6 7
6 5 6
5 4 5
4 3 4
3 2 3
2 23 2
Case #146: 714
1 28 42
1 27 41
27 26 40
26 25 39
25 24 38
24 23 37
23 22 36
22 21 35
21 20 34
20 19 33
19 18 32
18 17 31
17 16 30
16 15 29
15 14 28
14 13 27
13 12 26
12 11 25
11 10 24
10 9 23
9 8 22
8 7 21
7 6 20
6 5 19
5 4 18
4 3 17
3 2 16
2 28 15
Case #147: 532
1 28 35
1 27 34
27 26 33
26 25 32
25 24 31
24 23 30
23 22 29
22 21 28
21 20 27
20 19 26
19 18 25
18 17 24
17 16 23
16 15 22
15 14 21
14 13 20
13 12 19
12 11 18
11 10 17
10 9 16
9 8 15
8 7 14
7 6 13
6 5 12
5 4 11
4 3 10
3 2 9
2 28 8
Case #148: 751
1 34 41
1 33 40
33 32 39
32 31 38
31 30 37
30 29 36
29 28 35
28 27 34
27 26 33
26 25 32
25 24 31
24 23 30
23 22 29
22 21 28
21 20 27
20 19 26
19 18 25
18 17 24
17 16 23
16 15 22
15 14 21
14 13 20
13 12 19
12 11 18
11 10 17
10 9 16
9 8 15
8 7 14
7 6 13
6 5 12
5 4 11
4 3 10
3 2 9
2 34 8
Case #149: 252
1 44 24
1 23 23
23 22 22
22 21 21
21 20 20
20 19 19
19 18 18
18 17 17
17 16 16
16 15 15
15 14 14
14 13 13
13 12 12
12 11 11
11 10 10
10 9 9
9 8 8
8 7 7
7 6 6
6 5 5
5 4 4
4 3 3
3 2 2
2 44 1
Case #150: 299
1 47 26
1 25 25
25 24 24
24 23 23
23 22 22
22 21 21
21 20 20
20 19 19
19 18 18
18 17 17
17 16 16
16 15 15
15 14 14
14 13 13
13 12 12
12 11 11
11 10 10
10 9 9
9 8 8
8 7 7
7 6 6
6 5 5
5 4 4
4 3 3
3 2 2
2 47 1
Case #151: 131
1 13 19
1 12 18
12 11 17
11 10 16
10 9 15
9 8 14
8 7 13
7 6 12
6 5 11
5 4 10
4 3 9
3 2 8
2 13 7
Case #152: 104
1 50 16
1 15 15
15 14 14
14 13 13
13 12 12
12 11 11
11 10 10
10 9 9
9 8 8
8 7 7
7 6 6
6 5 5
5 4 4
4 3 3
3 2 2
2 50 1
Case #153: 702
1 21 48
1 20 47
20 19 46
19 18 45
18 17 44
17 16 43
16 15 42
15 14 41
14 13 40
13 12 39
12 11 38
11 10 37
10 9 36
9 8 35
8 7 34
7 6 33
6 5 32
5 4 31
4 3 30
3 2 29
2 21 28
Case #154: 252
1 47 24
1 23 23
23 22 22
22 21 21
21 20 20
20 19 19
19 18 18
18 17 17
17 16 16
16 15 15
15 14 14
14 13 13
13 12 12
12 11 11
11 10 10
10 9 9
9 8 8
8 7 7
7 6 6
6 5 5
5 4 4
4 3 3
3 2 2
2 47 1
Case #155: 5
1 7 5
1 4 4
4 3 3
3 2 2
2 7 1
Case #156: 350
1 39 28
1 27 27
27 26 26
26 25 25
25 24 24
24 23 23
23 22 22
22 21 21
21 20 20
20 19 19
19 18 18
18 17 17
17 16 16
16 15 15
15 14 14
14 13 13
13 12 12
12 11 11
11 10 10
10 9 9
9 8 8
8 7 7
7 6 6
6 5 5
5 4 4
4 3 3
3 2 2
2 39 1
Case #157: 527
1 38 34
1 33 33
33 32 32
32 31 31
31 30 30
30 29 29
29 28 28
28 27 27
27 26 26
26 25 25
25 24 24
24 23 23
23 22 22
22 21 21
21 20 20
20 19 19
19 18 18
18 17 17
17 16 16
16 15 15
15 14 14
14 13 13
13 12 12
12 11 11
11 10 10
10 9 9
9 8 8
8 7 7
7 6 6
6 5 5
5 4 4
4 3 3
3 2 2
2 38 1
Case #158: 5
1 26 5
1 4 4
4 3 3
3 2 2
2 26 1
Case #159: 1033
1 46 47
1 45 46
45 44 45
44 43 44
43 42 43
42 41 42
41 40 41
40 39 40
39 38 39
38 37 38
37 36 37
36 35 36
35 34 35
34 33 34
33 32 33
32 31 32
31 30 31
30 29 30
29 28 29
28 27 28
27 26 27
26 25 26
25 24 25
24 23 24
23 22 23
22 21 22
21 20 21
20 19 20
19 18 19
18 17 18
17 16 17
16 15 16
15 14 15
14 13 14
13 12 13
12 11 12
11 10 11
10 9 10
9 8 9
8 7 8
7 6 7
6 5 6
5 4 5
4 3 4
3 2 3
2 46 2
Case #160: 9
1 41 6
1 5 5
5 4 4
4 3 3
3 2 2
2 41 1
Case #161: 251
1 11 34
1 10 33
10 9 32
9 8 31
8 7 30
7 6 29
6 5 28
5 4 27
4 3 26
3 2 25
2 11 24
Case #162: 702
1 50 39
1 38 38
38 37 37
37 36 36
36 35 35
35 34 34
34 33 33
33 32 32
32 31 31
31 30 30
30 29 29
29 28 28
28 27 27
27 26 26
26 25 25
25 24 24
24 23 23
23 22 22
22 21 21
21 20 20
20 19 19
19 18 18
18 17 17
17 16 16
16 15 15
15 14 14
14 13 13
13 12 12
12 11 11
11 10 10
10 9 9
9 8 8
8 7 7
7 6 6
6 5 5
5 4 4
4 3 3
3 2 2
2 50 1
Case #163: 0
1 23 3
1 2 2
2 23 1
Case #164: 197
1 14 24
1 13 23
13 12 22
12 11 21
11 10 20
10 9 19
9 8 18
8 7 17
7 6 16
6 5 15
5 4 14
4 3 13
3 2 12
2 14 11
Case #165: 104
1 28 16
1 15 15
15 14 14
14 13 13
13 12 12
12 11 11
11 10 10
10 9 9
9 8 8
8 7 7
7 6 6
6 5 5
5 4 4
4 3 3
3 2 2
2 28 1
Case #166: 874
1 27 49
1 26 48
26 25 47
25 24 46
24 23 45
23 22 44
22 21 43
21 20 42
20 19 41
19 18 40
18 17 39
17 16 38
16 15 37
15 14 36
14 13 35
13 12 34
12 11 33
11 10 32
10 9 31
9 8 30
8 7 29
7 6 28
6 5 27
5 4 26
4 3 25
3 2 24
2 27 23
Case #167: 850
1 25 50
1 24 49
24 23 48
23 22 47
22 21 46
21 20 45
20 19 44
19 18 43
18 17 42
17 16 41
16 15 40
15 14 39
14 13 38
13 12 37
12 11 36
11 10 35
10 9 34
9 8 33
8 7 32
7 6 31
6 5 30
5 4 29
4 3 28
3 2 27
2 25 26
Case #168: 104
1 16 16
1 15 15
15 14 14
14 13 13
13 12 12
12 11 11
11 10 10
10 9 9
9 8 8
8 7 7
7 6 6
6 5 5
5 4 4
4 3 3
3 2 2
2 16 1
Case #169: 0
1 15 3
1 2 2
2 15 1
Case #170: 14
1 42 7
1 6 6
6 5 5
5 4 4
4 3 3
3 2 2
2 42 1
Case #171: 119
1 47 17
1 16 16
16 15 15
15 14 14
14 13 13
13 12 12
12 11 11
11 10 10
10 9 9
9 8 8
8 7 7
7 6 6
6 5 5
5 4 4
4 3 3
3 2 2
2 47 1
Case #172: 2
1 48 4
1 3 3
3 2 2
2 48 1
Case #173: 119
1 40 17
1 16 16
16 15 15
15 14 14
14 13 13
13 12 12
12 11 11
11 10 10
10 9 9
9 8 8
8 7 7
7 6 6
6 5 5
5 4 4
4 3 3
3 2 2
2 40 1
Case #174: 27
1 42 9
1 8 8
8 7 7
7 6 6
6 5 5
5 4 4
4 3 3
3 2 2
2 42 1
Case #175: 188
1 20 21
1 19 20
19 18 19
18 17 18
17 16 17
16 15 16
15 14 15
14 13 14
13 12 13
12 11 12
11 10 11
10 9 10
9 8 9
8 7 8
7 6 7
6 5 6
5 4 5
4 3 4
3 2 3
2 20 2
Case #176: 53
1 5 21
1 4 20
4 3 19
3 2 18
2 5 17
Case #177: 170
1 35 20
1 19 19
19 18 18
18 17 17
17 16 16
16 15 15
15 14 14
14 13 13
13 12 12
12 11 11
11 10 10
10 9 9
9 8 8
8 7 7
7 6 6
6 5 5
5 4 4
4 3 3
3 2 2
2 35 1
Case #178: 27
1 38 9
1 8 8
8 7 7
7 6 6
6 5 5
5 4 4
4 3 3
3 2 2
2 38 1
Case #179: 405
1 33 30
1 29 29
29 28 28
28 27 27
27 26 26
26 25 25
25 24 24
24 23 23
23 22 22
22 21 21
21 20 20
20 19 19
19 18 18
18 17 17
17 16 16
16 15 15
15 14 14
14 13 13
13 12 12
12 11 11
11 10 10
10 9 9
9 8 8
8 7 7
7 6 6
6 5 5
5 4 4
4 3 3
3 2 2
2 33 1
Case #180: 594
1 40 36
1 35 35
35 34 34
34 33 33
33 32 32
32 31 31
31 30 30
30 29 29
29 28 28
28 27 27
27 26 26
26 25 25
25 24 24
24 23 23
23 22 22
22 21 21
21 20 20
20 19 19
19 18 18
18 17 17
17 16 16
16 15 15
15 14 14
14 13 13
13 12 12
12 11 11
11 10 10
10 9 9
9 8 8
8 7 7
7 6 6
6 5 5
5 4 4
4 3 3
3 2 2
2 40 1
Case #181: 0
1 16 3
1 2 2
2 16 1
Case #182: 329
1 22 28
1 21 27
21 20 26
20 19 25
19 18 24
18 17 23
17 16 22
16 15 21
15 14 20
14 13 19
13 12 18
12 11 17
11 10 16
10 9 15
9 8 14
8 7 13
7 6 12
6 5 11
5 4 10
4 3 9
3 2 8
2 22 7
Case #183: 77
1 17 14
1 13 13
13 12 12
12 11 11
11 10 10
10 9 9
9 8 8
8 7 7
7 6 6
6 5 5
5 4 4
4 3 3
3 2 2
2 17 1
Case #184: 20
1 49 8
1 7 7
7 6 6
6 5 5
5 4 4
4 3 3
3 2 2
2 49 1
Case #185: 0
1 2 50
Case #186: 629
1 37 37
1 36 36
36 35 35
35 34 34
34 33 33
33 32 32
32 31 31
31 30 30
30 29 29
29 28 28
28 27 27
27 26 26
26 25 25
25 24 24
24 23 23
23 22 22
22 21 21
21 20 20
20 19 19
19 18 18
18 17 17
17 16 16
16 15 15
15 14 14
14 13 13
13 12 12
12 11 11
11 10 10
10 9 9
9 8 8
8 7 7
7 6 6
6 5 5
5 4 4
4 3 3
3 2 2
2 37 1
Case #187: 0
1 23 2
Case #188: 275
1 46 25
1 24 24
24 23 23
23 22 22
22 21 21
21 20 20
20 19 19
19 18 18
18 17 17
17 16 16
16 15 15
15 14 14
14 13 13
13 12 12
12 11 11
11 10 10
10 9 9
9 8 8
8 7 7
7 6 6
6 5 5
5 4 4
4 3 3
3 2 2
2 46 1
Case #189: 125
1 14 18
1 13 17
13 12 16
12 11 15
11 10 14
10 9 13
9 8 12
8 7 11
7 6 10
6 5 9
5 4 8
4 3 7
3 2 6
2 14 5
Case #190: 44
1 34 11
1 10 10
10 9 9
9 8 8
8 7 7
7 6 6
6 5 5
5 4 4
4 3 3
3 2 2
2 34 1
Case #191: 464
1 44 32
1 31 31
31 30 30
30 29 29
29 28 28
28 27 27
27 26 26
26 25 25
25 24 24
24 23 23
23 22 22
22 21 21
21 20 20
20 19 19
19 18 18
18 17 17
17 16 16
16 15 15
15 14 14
14 13 13
13 12 12
12 11 11
11 10 10
10 9 9
9 8 8
8 7 7
7 6 6
6 5 5
5 4 4
4 3 3
3 2 2
2 44 1
Case #192: 583
1 18 46
1 17 45
17 16 44
16 15 43
15 14 42
14 13 41
13 12 40
12 11 39
11 10 38
10 9 37
9 8 36
8 7 35
7 6 34
6 5 33
5 4 32
4 3 31
3 2 30
2 18 29
Case #193: 152
1 43 19
1 18 18
18 17 17
17 16 16
16 15 15
15 14 14
14 13 13
13 12 12
12 11 11
11 10 10
10 9 9
9 8 8
8 7 7
7 6 6
6 5 5
5 4 4
4 3 3
3 2 2
2 43 1
Case #194: 0
1 2 30
Case #195: 0
1 27 3
1 2 2
2 27 1
Case #196: 230
1 26 23
1 22 22
22 21 21
21 20 20
20 19 19
19 18 18
18 17 17
17 16 16
16 15 15
15 14 14
14 13 13
13 12 12
12 11 11
11 10 10
10 9 9
9 8 8
8 7 7
7 6 6
6 5 5
5 4 4
4 3 3
3 2 2
2 26 1
Case #197: 233
1 14 27
1 13 26
13 12 25
12 11 24
11 10 23
10 9 22
9 8 21
8 7 20
7 6 19
6 5 18
5 4 17
4 3 16
3 2 15
2 14 14
Case #198: 965
1 30 50
1 29 49
29 28 48
28 27 47
27 26 46
26 25 45
25 24 44
24 23 43
23 22 42
22 21 41
21 20 40
20 19 39
19 18 38
18 17 37
17 16 36
16 15 35
15 14 34
14 13 33
13 12 32
12 11 31
11 10 30
10 9 29
9 8 28
8 7 27
7 6 26
6 5 25
5 4 24
4 3 23
3 2 22
2 30 21
Case #199: 840
1 31 45
1 30 44
30 29 43
29 28 42
28 27 41
27 26 40
26 25 39
25 24 38
24 23 37
23 22 36
22 21 35
21 20 34
20 19 33
19 18 32
18 17 31
17 16 30
16 15 29
15 14 28
14 13 27
13 12 26
12 11 25
11 10 24
10 9 23
9 8 22
8 7 21
7 6 20
6 5 19
5 4 18
4 3 17
3 2 16
2 31 15
Case #200: 119
1 34 17
1 16 16
16 15 15
15 14 14
14 13 13
13 12 12
12 11 11
11 10 10
10 9 9
9 8 8
8 7 7
7 6 6
6 5 5
5 4 4
4 3 3
3 2 2
2 34 1
