2
4
11
8
31
22
49
76
11
80
5
9
8
11
8
23
19
24
36
98
7
9
16
20
7
30
59
16
56
28
8
5
12
6
40
33
15
53
89
100
20
14
9
39
25
62
13
54
15
121
30
15
12
52
24
22
21
33
64
29
51
50
66
24
76
42
64
57
58
90
78
9
44
44
26
57
83
110
36
99
79
78
48
27
48
16
17
134
158
30
74
87
32
90
59
93
48
53
130
34
2
5
3
8
22
45
46
39
94
99
5
6
4
4
33
14
13
48
48
70
6
13
4
10
36
22
69
79
60
85
7
12
18
36
11
6
38
40
62
46
27
14
20
22
44
70
42
65
33
115
53
32
12
38
9
48
15
72
143
84
39
49
12
12
21
48
51
15
54
38
75
72
46
74
25
48
49
9
104
102
73
26
34
51
29
78
139
60
132
134
102
52
90
28
34
112
58
60
112
128
7
8
13
31
43
36
39
64
39
68
9
7
16
14
10
28
28
49
64
69
6
5
19
11
6
12
21
84
33
32
24
16
30
30
25
45
16
77
89
28
17
5
19
12
14
28
9
16
15
28
18
22
39
33
7
39
46
18
36
87
51
15
47
41
23
16
17
72
114
120
62
43
69
15
86
79
50
87
91
53
74
102
54
64
57
63
57
107
16
88
38
78
94
42
114
76
90
45
109
206
13
13
16
17
18
39
10
90
38
85
9
4
12
20
7
24
22
8
56
26
4
12
32
9
12
63
14
113
100
77
31
28
7
24
13
36
45
48
34
108
20
16
25
27
7
49
48
47
60
127
28
6
30
28
36
72
14
130
76
100
13
33
70
7
32
34
54
57
57
77
66
14
15
88
59
38
139
80
55
132
9
101
58
92
36
40
48
20
28
138
75
106
75
18
18
34
164
152
79
192
23
25
31
30
39
12
78
24
105
130
17
25
30
11
36
42
59
65
100
66
27
25
7
12
59
40
42
90
61
36
18
29
12
23
28
63
64
49
123
114
55
48
34
21
11
32
34
27
95
115
55
52
30
49
8
20
36
118
109
33
86
60
18
87
50
7
52
25
98
62
54
41
86
17
100
39
110
56
22
139
15
44
103
36
19
30
79
55
142
96
95
142
112
112
10
50
134
55
202
45
36
42
28
51
59
14
49
29
56
169
15
18
36
30
46
78
12
48
82
128
36
45
21
22
68
81
16
17
30
124
11
18
42
21
24
40
15
36
91
10
30
45
42
18
24
11
97
38
10
63
30
44
78
8
14
18
79
72
60
148
14
30
71
29
59
34
95
107
77
64
83
32
73
18
8
38
75
92
19
56
79
119
123
145
40
132
55
131
96
103
128
138
124
88
63
98
87
128
76
39
57
15
16
69
64
21
83
16
20
17
35
70
12
36
7
38
82
68
63
87
24
46
66
63
15
8
107
27
82
14
57
9
19
40
69
98
104
114
30
145
11
14
15
16
58
39
40
97
64
94
56
15
32
73
71
24
34
65
71
69
30
32
90
90
66
40
140
132
67
210
16
34
110
24
83
38
41
46
123
170
38
106
129
9
120
169
134
141
23
65
64
43
80
121
33
121
132
130
62
211
10
64
40
35
46
64
28
114
133
74
60
68
53
14
71
80
73
36
82
20
63
53
54
33
62
17
18
78
124
21
45
28
57
36
66
76
26
104
59
66
48
44
73
34
92
31
40
21
132
70
50
16
18
70
73
112
30
66
80
24
40
90
96
22
140
49
35
69
119
108
24
18
70
72
63
54
138
8
103
52
72
12
20
77
33
38
72
101
78
124
36
50
42
55
23
36
114
143
77
64
11
75
72
51
57
67
34
63
106
10
33
46
90
104
32
100
68
58
10
93
33
9
81
19
58
81
144
45
105
165
99
43
81
42
90
79
20
129
53
23
25
16
55
54
88
77
40
132
31
200
9
112
93
13
30
54
54
45
48
25
99
45
87
10
150
62
61
99
81
152
99
12
133
120
93
31
48
61
96
33
81
67
33
31
94
144
116
113
72
56
88
106
97
108
48
63
104
96
238
263
26
30
92
54
112
51
18
135
40
187
31
26
40
24
34
58
45
70
57
66
42
115
70
28
50
78
140
78
22
189
30
136
44
48
72
30
149
143
108
24
110
69
28
42
45
95
88
146
82
50
92
22
38
150
101
55
178
138
43
182
91
19
88
78
33
230
186
36
12
157
21
150
21
22
151
168
23
64
54
136
90
32
85
149
228
142
20
42
112
87
120
218
139
214
18
52
93
50
218
110
