1
5 4
1 2 3 4 5 

2
5 3
1 2 3 4 6 

3
5 2
1 2 3 4 7 

4
5 0
1 2 3 4 8 

5
5 1
1 2 3 4 9 

6
5 1
1 2 3 4 10 

7
5 1
1 2 3 4 11 

8
5 3
1 2 3 5 6 

9
5 0
1 2 3 5 7 

10
5 1
1 2 3 5 8 

11
5 1
1 2 3 5 9 

12
5 4
1 2 3 5 10 

13
5 0
1 2 3 5 11 

14
5 2
1 2 3 5 12 

15
5 3
1 2 3 6 7 

16
5 2
1 2 3 6 8 

17
5 1
1 2 3 6 9 

18
5 1
1 2 3 6 10 

19
5 4
1 2 3 6 11 

20
5 2
1 2 3 6 12 

21
5 0
1 2 3 6 13 

22
5 0
1 2 3 7 8 

23
5 1
1 2 3 7 9 

24
5 2
1 2 3 7 10 

25
5 3
1 2 3 7 11 

26
5 0
1 2 3 7 12 

27
5 1
1 2 3 7 13 

28
5 4
1 2 3 7 14 

29
5 2
1 2 3 8 9 

30
5 4
1 2 3 8 10 

