100
2 1
500 300
900
660
2 1
500 300
1500
809
2 2
50 100
450 449
1100 1101
2 1
500 300
300
500
1 8
10
11 13 17 11 16 14 12 18
1 5
3
290 660 1179 1500 971
1 5
61619
956969 995353 672917 879917 596294
2 8
684912 58977
761276 630690 772666 798061 963127 660279 975185 869679
473540 982618 840139 712890 930683 764790 961516 983989
2 7
1 3
1305 1540 1494 1279 1362 1479 1400
3780 4395 3990 4607 4184 4200 4153
1 5
319777
811613 883675 866396 878085 906561
1 1
1
8
1 2
30019
755143 802331
2 4
9 9
20137 17010 17764 19802
19216 17174 20790 19454
1 8
4
4 4 44 4 4 44 4 4
1 3
1000000
900001 899999 900000
1 8
1
1 1 1 1 11 1 1 9
2 4
8 2
5600 6160 5263 5102
1357 1480 1260 1400
2 8
2 5
2 22 16 4 22 2 13 16
5 40 5 45 40 34 11 45
1 5
235412
877680 675724 999864 890597 821398
1 2
9
899 1893
2 4
6 8
9129 10438 10560 9600
11520 13086 12800 12773
2 8
6 4
13200 13562 11896 12344 14495 13200 13594 14520
8687 7920 8800 8974 8901 8800 9240 8015
2 5
2 7
2 2 2 2 18
7 77 7 7 7
2 8
43985 529695
681030 592636 635982 675333 974269 814355 917779 147506
990161 730926 548761 447771 510600 700567 675292 966078
2 1
36650 120732
884077
422490
1 3
7
7 7 63
2 3
2 2
360 4000 869
440 856 4000
1 5
6
3089 1320 2497 600 1731
2 8
2 10
1080 1448 180 842 1310 1000 546 418
1100 4292 7353 6600 7454 5000 1802 2809
2 8
1 1
1000000 999999 999998 999997 999996 999995 999994 999993
999992 999991 999990 999989 999988 999987 999986 999985
2 7
6 4
14886 15413 16199 14694 15484 15006 13554
11044 10408 10556 9003 9966 10004 9941
1 5
293574
990243 957287 976435 926907 550468
2 3
5 4
55 11 28
25 36 8
2 8
7 3
7 7 7 63 7 7 7 7
3 3 3 33 3 3 3 3
1 2
1
6 2
2 3
8 5
776 2400 1482
995 489 1500
1 6
5
41 20 55 18 55 24
1 5
2
1100 2348 800 2136 216
2 8
8 1
14936 14467 14440 15928 14384 13371 14414 15928
1629 1735 1973 1672 1629 1794 1798 1805
2 3
1 10
1999 2006 1870
19005 17112 20795
2 8
3 10
3000 3246 3027 2700 3000 2872 3300 3128
10756 9906 10000 10000 10046 11000 10447 9000
1 4
4
3240 4473 4385 8000
1 6
3
4110 4582 4491 4349 4094 4050
2 8
10 4
5973 5970 5490 5431 5547 6482 5685 6427
2241 2378 2388 2541 2608 2388 2684 2512
2 5
2 3
402 220 600 766 967
1567 900 270 1105 618
1 3
225493
268231 659796 831127
2 7
10 8
17415 20593 17654 18980 19896 20900 19536
15750 14244 15871 13819 13680 16035 15184
1 1
90757
990518
1 3
3
1500 6763 2310
2 8
6 8
1200 11220 13180 9720 12600 632 566 7125
18249 15840 9084 758 12240 1600 857 16800
2 4
3 3
7503 7516 6777 7767
8135 8283 7590 7503
2 7
9 4
810 10113 21600 872 18810 1717 21915
9600 410 6840 779 4592 9958 440
2 8
8 8
52 8 16 88 8 60 24 23
24 72 16 24 8 59 8 51
2 3
9 5
22395 4500 5662
13038 3108 2500
2 8
6610 769399
425875 916524 736700 577085 997500 951356 730327 929488
947202 634296 911058 798040 135175 957383 869888 955479
1 1
4
8
1 8
10
2 3 5 6 1 4 8 7
1 3
3
1620 1713 1896
1 2
5
531 973
2 8
2 9
8 8 11 14 10 2 18 8
54 49 99 36 9 38 37 57
1 6
2
22 18 2 12 2 16
2 8
10 5
3212 5000 15400 5375 24542 7855 15788 24000
3867 2716 7610 12000 6300 11315 2500 1361
2 8
33636 697513
965049 750434 943668 397247 708778 924758 353897 985963
883036 879126 679115 973311 885493 936407 998004 642025
2 8
9 4
18126 19845 20037 18754 21365 21780 19782 18137
8326 8243 8324 7920 8820 8406 8799 8792
2 5
118783 502575
634055 525972 982799 978506 829159
978405 659755 880062 758282 129832
1 6
7
11550 10300 10528 10854 9450 10511
2 6
6 6
5544 5927 6006 5400 6563 5970
6356 6006 6268 5970 6600 5892
1 5
4
5200 2048 8755 4838 5280
1 1
2
180
1 6
31371
996942 628239 898678 387718 397804 334722
2 4
1 4
1888 1814 1679 1799
6589 7196 7858 6646
1 2
10
9162 9900
2 5
6 7
3987 6682 9000 11823 7920
7560 10500 14296 7822 4430
2 1
5 2
471
188
2 8
2 1
1478 1540 214 440 1209 800 582 1073
460 630 786 180 622 100 400 294
2 5
6 2
3043 2801 3001 2700 2988
1100 947 996 932 1045
2 3
8 8
9931 19200 6559
10468 5999 19200
2 4
3 9
6600 7239 5918 7500
19956 18135 22500 16200
1 1
8
6247
2 3
9 8
18537 19257 20790
15120 16386 17291
1 6
10
110 53 69 22 20 30
1 2
84389
990539 866089
1 4
7
7 7 77 42
1 7
6
30 48 12 18 25 12 54
1 7
6
1653 5940 10200 7902 10875 14749 15180
2 8
8 9
8 65 24 72 48 40 16 8
27 9 75 19 54 99 44 9
1 2
10
1000 2200
2 8
6 10
66 6 6 6 54 6 6 6
10 10 90 9 11 9 10 110
1 3
1
2241 2178 2100
1 5
10
25253 6483 6476 20000 23100
2 1
4 1
12
3
2 6
8 4
4000 2627 3520 1642 4579 727
373 1224 742 2000 1440 2182
1 7
5
2747 3300 3000 3300 2965 3166 2913
2 8
9 2
1800 879 6300 3689 7718 4878 2795 4950
1400 1631 400 900 1181 659 189 782
1 5
6
7304 7411 7200 6629 7920
2 3
5 3
450 1624 967
963 548 330
2 8
5 10
6050 5683 5525 5233 5911 5322 5224 5520
10092 9917 10097 11461 11040 11050 11019 9900
2 2
81182 4359
942113 909330
585475 831099
1 6
7
3500 3500 3517 3494 3731 3850
1 5
6
12271 11390 12540 10746 11400
