100
3 3
1 2 1
1 3 6
2 3 4
6 5
1 2 6
3 4 0
5 6 7
3 5 1
4 6 2
3 2
1 2 0
2 3 10
4 3
1 2 0
1 3 1
1 4 2
2 1
1 2 0
2 1
1 2 1
10 29
1 2 0
2 7 5
2 9 7
1 4 2
1 8 6
1 6 4
1 10 8
2 3 1
2 5 3
3 10 27414
5 9 82025
6 8 75295
2 8 27413
4 7 55891
3 4 94233
4 6 29841
4 8 62246
3 9 11882
2 6 37681
5 6 7442
6 10 93553
2 4 31167
3 6 45566
7 9 38531
5 7 6970
3 8 81547
8 9 1307
2 10 79923
4 10 28747
10 37
2 9 89707
4 5 99365
7 8 83389
3 8 12905
3 5 47360
1 7 98351
4 8 59449
3 4 38193
4 9 73864
1 3 26874
1 4 91397
6 7 56354
8 9 46708
4 10 26923
1 9 3640
2 10 35344
9 10 57279
6 9 14895
2 6 66501
6 8 10890
2 8 95249
5 9 99993
1 2 97637
4 6 85126
4 7 3408
2 3 89314
5 10 58589
1 8 15238
2 4 9550
1 5 63727
5 6 51329
3 10 23801
6 10 9380
7 9 86788
7 10 66930
8 10 21990
5 8 19411
10 25
5 7 75603
1 10 62945
4 6 13777
3 8 92954
2 6 25228
2 9 88551
6 9 86809
3 9 17861
1 6 20602
9 10 12884
2 8 78595
6 10 67113
2 4 89116
3 7 92840
4 9 94034
1 8 49168
5 6 41813
4 8 52983
4 10 74930
3 4 59539
2 3 30711
2 5 13417
1 7 73824
1 5 19813
4 5 93246
10 38
4 9 67787
2 9 95349
3 10 24740
3 6 35947
5 9 80330
1 9 98979
5 8 22439
2 4 58122
4 7 43519
7 9 68799
3 5 86998
2 3 23653
3 7 74140
4 8 90700
8 10 58331
3 8 48394
6 8 51342
4 5 41811
1 2 35514
5 10 99346
1 10 12666
1 4 90161
7 10 68000
2 10 69334
7 8 84545
2 5 63521
1 8 95945
6 9 14026
9 10 37260
6 7 28608
4 6 86484
2 7 45989
1 6 92045
1 5 79117
1 7 50165
5 7 73555
6 10 4562
3 4 98008
10 11
4 10 83642
3 10 14586
9 10 45453
2 4 75192
5 6 28139
4 7 4139
1 6 18223
2 5 34925
3 9 95440
7 8 67624
6 7 26404
10 27
3 10 72542
5 8 79633
7 9 52722
3 5 69229
4 8 3654
7 8 47577
5 6 98098
6 7 32715
2 4 70060
6 10 80210
2 9 36993
4 6 22031
1 6 99307
5 9 96137
2 3 33874
1 4 73224
1 8 53740
2 6 11873
6 9 14928
4 10 40614
4 9 86780
6 8 30657
3 4 28201
5 7 56206
3 7 85564
4 7 90063
1 10 71355
10 12
4 6 89688
1 3 60545
9 10 71579
5 8 68092
7 10 21748
3 8 94006
1 4 19378
1 9 88810
4 8 24938
2 3 7939
8 10 63990
2 9 89739
10 21
1 4 7394
7 9 48905
7 10 45596
4 9 15476
2 7 81985
7 8 74087
3 8 92503
1 3 41007
4 7 20842
4 10 61451
4 8 41805
1 5 89408
3 10 50247
2 5 51848
6 10 98350
1 9 73591
4 5 32151
6 8 7005
6 9 15239
2 9 20534
5 8 77070
10 28
6 9 2340
3 8 88323
2 5 90952
1 3 38560
6 7 60300
2 9 56758
3 7 56086
1 6 75864
7 8 79928
2 6 33993
3 9 70298
1 7 94742
5 9 37621
3 4 14511
4 6 91615
5 6 39040
2 4 3500
5 8 16884
8 10 81370
6 8 45151
1 4 89187
3 6 32689
1 5 74125
5 10 49321
8 9 97174
4 9 25121
4 5 18937
2 7 77078
10 35
2 4 17859
7 10 13958
2 9 88452
1 5 49011
4 7 50424
3 4 69087
5 8 57204
6 9 16603
2 10 13110
3 5 80087
6 7 15387
3 7 32975
8 10 8913
5 7 59517
1 4 55660
3 9 91753
1 9 5269
2 6 256
2 7 6345
1 8 10413
1 6 54154
5 10 50278
1 2 1470
4 10 19970
3 6 59993
1 10 6606
3 10 65581
2 3 47752
5 6 33209
4 9 23659
9 10 49789
1 3 61798
7 8 49862
4 6 79340
4 8 99120
10 40
3 5 22386
3 6 2272
7 8 46516
3 4 47228
1 2 80997
6 7 14050
3 8 33768
1 8 12389
2 6 85195
9 10 6680
5 7 40703
1 7 7924
2 4 26074
5 10 63037
7 9 77165
1 5 31589
3 7 70987
2 9 39202
5 9 21679
5 8 64917
4 9 17989
1 10 52419
4 6 98247
2 10 12082
4 5 39536
3 9 13726
6 10 60922
2 8 19716
4 10 12396
7 10 30442
1 6 5286
1 3 97733
2 5 64891
8 10 88324
8 9 47743
4 7 88352
6 9 66113
4 8 30626
2 3 581
6 8 5309
10 32
8 10 33911
8 9 43611
3 5 89389
6 8 25880
2 10 44509
6 10 35085
7 9 8446
5 8 94742
4 5 14973
2 3 10913
3 10 77444
1 5 72202
4 10 37616
1 3 4402
6 7 50169
5 9 56446
4 7 4278
1 10 89549
3 4 43406
2 4 71635
2 7 38506
1 4 58827
4 6 54418
1 8 82408
3 9 19943
5 7 86357
2 5 41021
1 6 8893
2 9 73807
5 6 67042
3 6 73892
5 10 34889
10 23
6 10 47205
7 9 51370
5 7 48710
5 6 88134
3 8 22168
5 9 86510
3 7 96800
1 3 80352
4 7 66071
3 4 65591
1 9 80106
5 10 42090
1 8 91048
1 2 95582
8 9 7215
1 4 68450
2 6 47646
1 7 77398
1 6 26721
6 8 5191
5 8 75085
2 8 91407
9 10 25186
10 26
1 3 46926
5 8 43852
3 6 48800
6 9 81381
8 9 66796
1 6 70403
1 5 89199
4 10 48914
2 9 26482
5 10 89596
2 10 32306
6 8 98152
2 5 66949
3 10 75490
2 4 43879
1 10 23515
4 7 48230
2 3 18333
3 4 62792
3 5 53982
4 5 84002
4 8 25541
1 4 54800
8 10 1839
5 9 12228
2 8 51949
10 10
6 7 42832
2 5 12047
1 4 34523
7 10 13846
4 8 89907
8 10 18406
2 9 39772
3 7 18489
5 6 94813
2 4 79752
10 44
2 6 6175
1 2 19915
9 10 16511
1 10 46343
1 4 95991
8 10 86597
2 7 85209
6 8 60667
1 9 10926
2 4 62050
1 8 63021
5 6 35810
3 8 99237
4 10 74754
3 9 45218
6 9 26414
7 10 29419
2 5 45310
1 7 6155
4 8 79751
8 9 59000
3 6 49630
2 3 55094
5 8 29308
7 8 84614
1 6 90769
7 9 66900
3 5 97933
1 5 15851
5 9 72108
2 8 9955
6 7 45799
3 10 76331
4 5 82788
5 10 24976
2 10 20028
5 7 64811
4 9 70168
4 6 77742
2 9 64619
3 4 26331
6 10 40704
1 3 28265
3 7 81092
10 32
5 7 42274
1 4 53606
2 10 92448
3 5 81859
6 9 24808
3 10 45764
5 9 68119
5 10 55368
6 7 70650
7 9 11058
2 9 29585
1 6 73089
4 8 69913
2 8 88934
9 10 34602
4 5 13389
8 9 84628
1 2 19141
1 10 48912
4 10 71284
2 3 62803
2 4 77870
2 5 40397
1 3 40739
3 8 72279
6 10 49437
5 8 64851
3 9 56350
2 6 67955
1 5 4523
4 9 22278
5 6 61204
10 23
2 10 47966
1 5 41545
5 7 83690
4 9 11312
3 10 44997
4 10 85634
1 2 79344
3 5 29622
2 6 13592
2 8 61984
1 9 76436
4 8 35134
2 3 73508
3 4 90854
3 9 12180
4 6 95088
1 4 97183
3 7 42930
7 9 36046
3 6 51232
6 9 63930
6 10 44047
5 8 30484
10 23
1 9 93460
1 2 5882
4 10 67437
2 10 2945
4 8 9255
7 9 1508
1 6 67554
4 6 99408
2 3 91636
4 5 72051
3 5 20061
2 8 4015
1 4 76929
1 8 73666
2 9 74681
8 9 64654
1 7 78934
8 10 1208
6 7 9745
6 9 89240
1 10 96129
7 10 64206
3 6 12428
10 44
3 10 87433
1 9 30092
8 10 10816
4 6 47868
5 6 57193
1 4 22724
3 5 84707
1 2 43566
1 8 76637
6 9 10758
5 7 45940
6 10 34349
2 8 3927
4 10 2956
1 6 90040
2 9 10652
2 7 34618
3 6 76196
5 8 22517
3 8 45780
3 4 75282
2 4 89674
6 7 20177
2 3 63605
4 7 24014
1 10 4564
2 5 13634
3 7 35578
4 9 56034
5 9 28681
5 10 55940
7 10 55009
1 7 88031
1 3 56586
8 9 75929
3 9 42851
4 8 2665
2 6 96891
7 8 39892
4 5 45100
6 8 61392
2 10 45552
7 9 55986
9 10 39482
10 33
3 4 58768
5 7 14778
4 7 63325
1 9 69119
5 8 20495
1 6 9473
2 6 45385
3 7 20703
3 5 87167
6 7 64199
3 6 94691
1 3 63807
2 3 39081
6 9 31040
4 9 85374
6 10 17185
8 10 35857
3 10 7122
1 2 14225
7 10 51027
8 9 53371
2 7 54071
6 8 38729
3 9 40478
3 8 44630
1 8 42655
1 4 39054
4 8 52422
9 10 89056
2 4 76308
2 9 35125
7 9 38617
5 6 24692
10 37
2 4 51613
3 4 84781
2 8 77055
6 10 7439
7 9 95334
8 9 53975
1 4 74928
4 5 43486
3 9 24060
6 7 22187
4 9 11145
5 10 14870
3 6 80442
4 6 75467
1 5 67380
1 2 52482
6 9 11775
2 6 64306
3 10 87995
3 5 77810
5 9 74931
2 7 72380
4 8 25356
2 10 99738
5 6 38359
1 9 73686
5 7 54459
1 10 6816
4 10 70805
4 7 61470
7 10 35348
1 3 66027
8 10 87478
9 10 27038
1 7 72376
1 8 62287
5 8 51021
10 20
7 9 73805
5 10 85580
7 10 85937
1 2 6528
1 9 20933
5 9 84510
1 7 82643
4 8 41309
1 8 10695
5 6 44834
3 5 22864
1 6 72229
8 10 12129
4 9 59908
2 6 86722
5 7 51705
6 7 829
1 10 27036
6 8 15935
3 4 66808
10 15
2 4 52756
1 5 49240
3 8 98357
8 9 4862
8 10 17063
4 5 56005
1 2 40225
2 8 35977
4 9 45652
1 10 74183
3 7 54618
1 7 60966
6 7 27077
3 9 11766
4 10 65684
10 36
1 6 66282
1 2 80354
4 8 54643
1 10 75540
6 8 5515
2 8 36429
1 5 67863
2 9 54847
9 10 43657
3 6 67162
5 8 62253
4 7 77305
4 6 96277
8 9 5366
5 7 63958
1 9 87586
3 10 65251
1 4 38135
2 3 4960
7 8 79382
6 9 23862
3 5 67129
7 9 66094
8 10 95321
3 4 30977
4 9 59736
5 10 3056
5 9 89543
6 7 36637
4 5 23067
1 3 17027
3 9 91927
7 10 69271
6 10 94878
1 7 98286
5 6 55229
10 31
6 7 83541
5 6 76218
1 2 37203
5 9 86374
1 9 72405
3 7 2079
1 10 91301
3 5 18206
7 9 33052
7 10 4934
2 4 67837
2 7 31556
8 10 30831
3 8 39626
1 6 90061
2 8 97514
8 9 85899
2 3 66335
1 8 93673
6 10 7524
4 10 57144
7 8 69158
2 5 48234
1 7 81293
4 9 20753
2 10 42754
1 3 4871
4 7 19061
5 10 58145
2 9 83078
4 8 51934
10 25
5 6 64095
6 7 85744
3 7 17603
2 4 57620
5 7 46357
2 6 10529
4 9 66116
6 8 31240
3 5 68938
2 9 91239
5 8 85070
5 10 45184
1 5 94919
1 8 40239
3 4 67679
6 10 50789
4 6 92863
2 5 64980
4 10 12077
3 8 81785
4 5 6941
7 9 53078
7 8 76645
3 10 35545
7 10 70594
10 26
1 8 41684
5 7 1527
2 10 80121
7 9 41998
2 8 36990
6 7 11729
2 4 18191
5 8 62883
7 10 468
3 10 2852
6 10 21902
4 5 68952
2 5 58310
8 9 55831
4 9 47316
8 10 26499
3 9 52633
5 6 1911
1 3 76007
4 8 37117
1 7 96607
6 8 53543
2 7 11448
2 3 94378
4 10 77744
1 10 60074
10 15
2 7 38342
6 7 25635
1 9 67629
1 10 41372
5 8 26597
4 10 58987
1 5 99681
2 3 66697
6 10 25482
4 7 43708
9 10 41154
4 6 40413
2 4 55543
4 5 10223
7 9 88908
10 40
7 9 52890
1 10 58622
1 3 18917
7 8 42574
1 7 51701
4 8 85198
9 10 61661
2 10 85505
2 6 44884
4 9 33869
8 9 90542
8 10 59122
1 4 41436
2 8 55154
4 10 42096
1 2 1625
5 8 17731
6 10 59377
4 7 75807
1 9 97764
3 10 52970
6 8 85400
2 5 75709
1 5 34732
2 3 15389
3 9 25017
6 9 74859
1 6 29821
2 9 56394
6 7 63497
3 6 67626
5 7 99891
5 9 29325
2 7 77352
3 8 15919
5 10 30144
2 4 60657
4 5 15005
3 4 67560
4 6 71858
10 14
1 3 37290
2 10 66515
1 4 89708
8 10 55086
3 9 52202
6 8 50568
1 5 42243
4 7 28887
7 10 60383
9 10 77683
6 7 73177
2 5 30420
2 4 14885
4 9 72874
10 43
1 5 74228
4 6 22191
2 5 43858
1 2 12135
3 9 70389
5 8 96448
4 7 14650
3 6 86597
1 7 22147
2 4 93267
1 4 48761
5 6 42715
7 9 15750
2 8 34502
4 9 4631
2 6 73252
2 9 27472
6 9 1785
1 3 65966
9 10 63583
1 8 95533
1 10 88439
2 10 92745
7 10 47870
5 9 97790
3 7 40638
4 10 69894
3 10 48496
1 9 88812
3 8 39948
6 8 59742
5 10 46812
4 8 94137
3 4 52731
7 8 10071
2 7 93217
8 10 45607
6 10 46554
8 9 51464
3 5 6329
6 7 9735
2 3 87141
4 5 36419
10 13
2 3 83631
7 10 82685
6 8 20045
1 2 77293
4 10 93756
3 7 91945
6 9 16938
2 10 93129
8 10 20033
1 5 23705
2 5 45989
6 10 25268
2 6 69680
10 36
5 10 92685
8 9 39441
1 5 3831
2 7 90707
3 4 30079
1 7 39932
3 9 39989
5 9 70739
9 10 67189
6 9 83123
6 10 88815
2 4 58820
4 6 56892
7 9 68656
3 5 45206
1 6 12940
2 6 3594
5 6 58252
4 10 40567
2 8 70860
2 10 3531
1 2 51492
1 3 85547
1 8 86823
3 8 62102
2 5 72428
5 8 40585
7 10 90201
2 9 14159
1 10 62740
4 8 26839
3 7 87317
7 8 66202
3 6 31696
4 7 31158
6 8 23317
10 43
2 3 32752
6 9 86135
1 2 81578
1 8 1272
3 8 90556
7 8 52807
1 7 29306
6 10 38672
2 10 48332
3 7 20725
5 9 72058
2 9 75271
4 6 17513
3 5 26872
5 8 33176
3 10 77401
4 8 7686
3 6 12358
6 8 50355
1 6 45178
1 3 19301
5 7 40103
2 5 61559
3 9 92607
7 10 47616
7 9 572
5 6 76890
6 7 75831
8 9 73628
1 5 58856
1 10 32802
4 7 9111
2 8 20148
2 7 3591
5 10 95606
2 6 10986
9 10 48476
4 5 37603
4 10 26758
3 4 81692
1 4 10848
8 10 15950
1 9 1954
10 21
7 10 64906
5 9 88594
4 7 16771
4 10 43726
4 8 83619
4 9 55630
3 6 47402
2 10 98489
1 7 40360
3 8 11295
5 8 11263
2 6 65055
6 9 59366
3 7 77005
6 7 19974
2 3 33548
9 10 40359
2 4 73455
1 10 5770
1 3 40052
1 6 90779
10 17
4 5 40250
3 7 45560
1 2 40812
2 6 25095
4 6 71579
2 8 39103
1 5 23658
8 9 63772
3 5 55940
7 10 59870
4 8 47428
8 10 70462
1 3 66320
7 9 59369
2 4 66664
3 9 37083
3 8 58050
10 34
3 7 84061
2 8 95233
3 8 75742
4 6 9816
4 9 19113
5 6 23265
8 9 55762
9 10 59805
2 3 34279
5 9 76734
3 6 51739
4 5 34444
4 7 15807
2 6 46606
6 8 98030
7 8 62415
2 10 48675
4 8 61550
1 2 88224
1 9 75396
2 9 71866
1 8 17848
8 10 55199
1 7 77080
3 9 67082
6 9 92577
5 8 89756
6 10 35739
3 4 42782
3 10 36488
5 7 92088
5 10 28516
1 4 40998
2 7 44601
10 15
6 10 70794
2 6 37310
2 8 64476
5 6 18553
8 9 53647
4 8 77006
7 8 41667
3 8 23597
5 9 20663
6 8 21587
1 10 68676
7 9 14281
8 10 4438
4 10 18004
2 3 62769
10 12
3 7 44823
3 10 31876
3 8 32386
2 6 27060
6 9 95297
1 5 52198
1 9 92868
7 9 69694
2 8 63385
6 7 53811
3 9 71553
1 4 28077
10 31
5 9 20559
7 9 51434
6 7 40094
3 9 24061
4 7 64267
3 10 22033
3 7 15269
3 4 21636
9 10 48763
1 9 53084
2 3 92767
3 5 74085
1 2 18495
6 8 61419
6 10 29615
8 9 42601
2 5 94883
5 10 30240
2 9 96293
4 9 75881
4 8 39821
4 10 73756
4 5 5894
4 6 95238
1 7 99388
2 8 3096
1 6 34298
5 7 49064
1 3 65240
6 9 51566
5 6 3769
10 25
7 8 43601
4 7 19425
5 7 52340
2 5 59572
1 5 15947
2 10 56470
1 4 69469
3 8 20118
1 7 73942
6 8 29013
8 10 81738
1 2 25588
5 6 46224
5 8 98050
2 8 58157
3 4 1079
3 6 23346
6 9 77522
4 8 43704
2 9 56759
1 10 30617
2 4 64835
3 5 13139
2 3 22049
8 9 60289
10 24
6 8 83256
3 8 28373
1 7 41779
2 5 86717
7 10 50980
4 9 10697
1 9 34670
3 7 47430
5 10 7843
5 8 57580
5 7 33032
4 7 28380
2 6 58189
9 10 50294
4 8 54218
3 10 87913
1 3 71466
2 9 6583
1 2 45901
1 10 2106
3 9 46976
6 9 56311
1 4 87508
2 7 75487
10 14
6 7 87490
5 9 49308
3 10 54316
4 10 66291
7 10 34023
3 5 3473
9 10 42639
2 6 72825
2 5 44691
2 8 73262
1 10 43512
1 4 47273
6 10 59292
5 7 82342
10 21
1 3 7771
7 8 35870
4 6 93561
3 9 16001
1 2 84660
7 10 38955
1 10 58581
5 8 25321
4 8 10761
4 9 44807
2 3 44626
2 5 21531
2 4 0
4 10 26223
3 7 3480
6 7 34129
1 4 92406
8 9 80974
4 5 13689
6 8 28492
5 7 53860
10 23
4 9 83619
2 6 82828
8 9 28149
1 2 33074
5 8 98731
4 8 38125
3 10 23591
3 4 2868
3 5 44081
2 4 96925
6 8 93052
1 10 84996
9 10 5406
2 8 21983
1 5 78911
2 9 15400
2 3 94829
3 8 29655
1 7 29895
1 8 76837
7 9 85490
5 9 49473
7 10 0
10 33
4 10 93808
2 5 66039
1 3 11434
9 10 42979
2 6 2523
3 6 24657
1 2 27583
2 9 24362
4 8 50185
3 4 72584
4 6 42274
4 5 46047
3 7 18703
8 9 31077
5 6 14967
5 10 89946
1 4 26153
6 9 50498
7 10 0
1 7 58283
6 7 91890
1 9 20371
4 7 50871
2 8 87079
5 9 60288
5 8 44562
3 5 53405
5 7 18215
7 9 74532
1 5 76314
3 10 36548
7 8 24706
6 10 2007
10 12
1 4 86194
2 6 92900
4 7 76254
4 8 38127
4 10 58913
6 7 23405
2 7 14170
1 6 0
5 6 18690
6 8 74091
5 9 18070
2 3 65224
10 30
1 10 53110
2 9 52011
5 10 10417
1 7 72474
6 8 13473
3 9 98093
4 10 79530
5 9 8893
3 7 34389
1 6 68167
4 8 61549
2 3 82858
3 6 8011
1 3 41692
2 8 83201
5 8 0
4 7 73424
7 10 9367
1 2 13824
7 9 56882
5 7 62395
1 8 74736
8 9 17045
3 10 41930
8 10 44731
6 7 82564
1 5 14592
3 5 51290
1 9 54849
5 6 17259
10 21
2 4 6943
8 9 27313
1 3 95853
5 8 10322
2 10 33242
1 4 66059
9 10 25932
4 5 51062
3 9 14997
1 8 46517
5 6 71503
2 8 88325
1 7 23502
4 9 36355
3 10 9984
6 9 62062
5 9 76865
1 5 71115
1 10 0
8 10 3548
1 9 98267
10 14
1 2 76840
1 4 69177
1 3 98196
4 6 17660
1 10 28994
8 10 55281
3 10 64676
8 9 8454
7 8 17201
6 10 68699
1 9 90144
2 4 11689
5 7 66467
6 7 0
10 25
6 10 0
3 7 95709
6 8 30191
3 6 97576
8 10 34916
8 9 91253
6 7 5677
2 6 60251
9 10 5184
4 10 10546
1 7 68462
6 9 95799
5 8 64305
1 3 26076
2 8 90221
3 9 82658
1 5 88774
3 10 73974
4 5 34352
7 9 89763
2 5 54727
2 3 78173
2 10 80872
7 8 17972
5 6 36352
10 21
5 9 12224
5 6 76408
2 3 43170
2 7 73339
6 7 22162
4 7 32360
2 5 83387
1 7 0
1 5 72588
2 9 13341
3 10 26723
4 8 10306
3 9 70721
1 9 2760
4 9 36787
9 10 55172
6 9 38713
6 10 33147
1 2 29922
4 6 6756
5 7 93311
10 27
2 10 41496
4 6 19336
9 10 15160
5 8 58518
5 6 90340
2 5 51205
3 5 67575
1 8 11294
1 9 79299
3 8 78240
1 5 72737
3 6 29657
3 7 53508
6 9 30776
2 7 11062
3 10 20940
4 5 32436
6 10 0
7 10 79098
1 4 38323
5 9 99064
4 7 15175
5 7 32365
2 4 21552
5 10 51074
1 10 28290
2 9 65675
10 32
1 6 23117
3 8 98531
3 5 68700
3 9 79289
2 10 67181
6 9 84269
2 8 68114
4 9 31846
2 4 14222
2 3 1646
5 7 18017
7 9 88991
1 4 98871
2 9 21787
6 7 68547
7 10 27964
4 7 95770
4 8 0
1 3 92188
1 2 96205
1 8 49682
1 9 61526
1 5 39692
5 9 44874
1 7 60756
3 10 63078
6 10 38045
5 8 38807
2 7 7838
4 5 25196
9 10 1723
1 10 92929
10 31
9 10 59335
4 7 85770
2 7 75022
6 8 69569
4 10 96296
5 9 94979
1 7 81298
4 9 45684
2 10 53051
3 8 16212
3 6 58618
3 4 45103
4 8 0
1 2 24692
2 9 51676
5 7 5818
6 9 86342
7 8 70306
4 5 118
1 6 72263
2 8 65747
3 5 57838
1 4 55068
1 9 7482
4 6 87763
2 4 66170
3 7 58645
8 10 79088
3 10 13690
2 6 77067
7 10 95614
10 11
2 5 62123
3 10 13638
1 7 46882
1 3 37309
5 9 16137
2 9 8644
6 7 54424
5 10 40420
4 9 0
1 8 3793
8 10 27333
10 10
7 8 0
3 7 52714
7 9 8359
1 3 73263
6 9 58061
2 5 80501
1 5 86158
7 10 98029
1 8 89454
4 9 19004
10 32
2 3 92794
7 8 30632
5 8 41276
6 8 28654
4 6 28051
7 10 74401
6 9 29373
4 9 15244
2 5 72905
3 4 74895
2 6 65321
2 4 89097
4 7 63005
4 8 35600
8 9 35687
2 9 50537
4 10 99264
2 7 7755
6 10 69812
9 10 56365
3 9 23577
1 3 53791
7 9 10777
3 10 90487
1 10 15397
1 5 43418
3 6 14471
3 8 0
1 8 98918
1 9 88001
1 6 6342
1 2 95853
10 12
7 9 89373
1 8 73087
4 10 4543
4 9 4384
2 9 0
5 8 15711
4 8 9439
2 3 11293
8 10 19362
1 2 29984
3 6 35560
6 10 9074
10 45
3 9 58860
2 9 33546
6 7 47242
2 5 86473
2 3 0
9 10 41578
8 10 61072
4 6 84587
5 6 97208
3 7 7521
1 2 47366
1 6 82253
5 7 6327
1 4 83637
2 8 46947
6 10 57047
4 5 54465
3 8 9633
2 4 6866
6 8 62271
1 10 59864
3 10 60597
1 3 66153
5 8 37130
7 10 86069
1 9 13089
8 9 64711
1 8 96743
3 4 18316
1 5 6880
7 9 62524
3 5 16872
2 10 12016
7 8 51967
4 10 73936
3 6 1494
5 9 26946
4 7 3684
2 6 80097
4 8 35887
4 9 24353
6 9 15857
2 7 71951
1 7 85874
5 10 9509
10 13
2 5 8447
8 10 40971
3 9 69654
6 9 54234
7 8 4102
5 8 0
5 10 95430
4 10 27670
1 2 3993
1 8 53653
8 9 58929
1 4 18143
2 8 13481
10 17
1 4 81749
4 8 5911
1 2 52711
4 10 86961
5 8 36628
4 6 9436
2 5 22705
8 10 87135
5 7 45842
1 7 36838
1 5 0
4 7 71999
2 8 82760
3 8 12984
2 9 74663
4 9 72525
6 9 95717
10 15
5 7 40222
7 10 10028
4 6 51086
1 2 66522
8 9 49018
7 9 11445
3 4 88656
4 8 248
3 6 35450
1 6 96059
2 3 66865
5 8 75989
1 9 0
4 5 36523
2 8 13815
10 20
1 8 78591
6 8 27041
4 8 1167
3 4 54126
2 9 34792
4 7 23524
5 8 87752
4 5 71815
3 6 0
5 6 97331
6 9 99633
5 9 35628
1 4 16676
8 9 73417
4 10 49524
5 7 25641
1 7 73272
5 10 47281
2 8 25591
1 9 35217
10 41
3 10 29442
3 8 47348
3 7 48432
1 9 34573
7 9 70118
4 10 21980
7 10 10548
6 7 48164
2 3 40827
1 7 43364
5 6 80516
9 10 67668
1 8 42224
4 7 24620
4 6 46811
1 5 67535
7 8 80501
4 5 85745
2 9 84567
2 8 35953
3 9 30974
1 2 43113
5 10 27034
6 10 3283
5 8 94247
8 9 44082
2 10 91917
2 7 77785
5 9 5817
8 10 67697
3 6 62349
4 8 45776
1 6 82517
2 6 73424
6 8 0
2 5 57726
3 4 71645
4 9 13678
6 9 31519
2 4 63429
3 5 23215
10 16
7 10 80387
4 9 97799
4 8 38269
1 8 4221
9 10 17751
7 8 20954
5 10 95727
1 2 83521
3 7 71737
4 10 28465
6 9 35967
2 4 0
3 4 6214
7 9 27536
8 10 64879
1 7 35182
10 17
2 10 59313
8 9 74293
3 7 51621
5 6 86532
4 6 70072
5 9 13391
4 9 73018
5 8 40222
2 6 27506
5 7 85746
6 10 90367
4 5 50370
1 6 0
2 7 13014
3 8 32307
2 9 67849
6 8 93866
10 37
3 4 37682
2 6 67216
3 9 4691
1 6 9196
3 5 85866
5 6 37742
6 9 20108
9 10 74373
4 5 52998
1 4 24742
1 3 77159
2 10 98920
1 8 41407
4 8 86562
6 7 91131
7 10 96651
1 7 48557
4 7 8000
4 9 0
5 7 88027
4 6 99346
3 8 83182
2 3 42932
6 10 8521
7 9 52763
6 8 47379
5 8 99555
7 8 28074
2 5 23645
1 5 84572
1 9 21790
8 9 42242
2 8 93585
8 10 97900
2 7 67827
2 9 61229
3 7 62185
10 39
2 4 11377
2 5 24901
2 7 80081
2 9 19803
7 10 73039
6 8 0
4 10 25181
1 10 4878
1 4 2818
8 9 6127
4 9 66030
2 10 65555
1 5 92428
1 6 57961
7 9 44363
4 5 42077
7 8 77452
1 8 16377
2 6 93901
3 9 28996
3 7 66601
3 6 50803
3 10 57738
6 10 585
3 8 38551
4 6 21791
3 5 87436
5 8 65272
8 10 12277
2 3 1135
5 6 19218
1 3 24324
5 7 66330
4 7 17722
6 7 68673
1 7 29024
4 8 72701
1 2 9981
1 9 74785
10 28
4 8 74789
6 7 7794
4 10 93751
4 7 37415
3 6 29020
5 6 7982
4 9 23813
2 6 8790
2 3 0
6 10 65045
2 5 75403
1 9 50731
2 4 91773
1 5 20069
6 8 21058
2 7 98190
2 9 89909
2 10 52757
3 7 93574
4 6 58186
8 9 33323
4 5 37423
1 2 67585
5 9 74720
5 10 6073
5 8 38206
1 7 84236
3 4 93534
10 40
3 6 26636
3 10 71562
7 10 86173
2 7 52787
5 6 33648
4 5 68471
8 9 98001
2 3 42578
1 9 38502
4 8 6716
2 6 19177
2 10 26245
6 7 72210
1 5 55070
5 7 31323
1 8 18511
5 10 1401
1 7 10519
7 9 17407
1 6 62993
2 9 92797
3 4 20423
7 8 77813
6 9 7174
1 2 99543
1 4 1457
9 10 49736
8 10 47278
3 7 49751
4 10 77156
4 6 72098
4 9 17151
1 3 43690
5 9 30435
2 5 13942
2 8 54554
2 4 98730
6 8 67976
1 10 0
6 10 9504
10 40
3 5 43608
2 4 81505
7 10 15045
2 5 60318
6 10 21265
5 9 15551
5 8 98334
4 8 81523
3 4 88668
2 7 47132
5 7 56901
2 9 99935
1 5 36195
3 6 81134
2 6 86847
6 8 71363
1 3 95562
3 7 48153
1 4 34562
1 9 93226
3 8 80194
1 7 12117
2 10 3769
5 6 14894
8 9 45788
3 9 26023
2 8 84018
1 10 79147
7 8 66230
8 10 0
1 2 3699
4 5 96916
6 7 61753
1 8 22843
9 10 59073
3 10 87930
4 7 67743
4 10 82508
4 9 92198
1 6 21970
10 27
4 8 63648
3 8 38238
1 6 65499
1 8 77285
6 8 55153
5 8 54929
1 10 3611
4 7 14560
1 2 1358
6 9 26620
4 5 45674
7 8 70950
1 5 80433
3 10 88097
9 10 42746
2 10 6430
1 7 97414
2 5 92091
2 3 33374
2 8 65606
6 7 82519
8 10 0
2 4 54785
5 6 65952
8 9 85180
7 9 81124
3 9 51770
10 24
4 10 20492
1 3 92997
1 8 62612
5 7 30132
4 7 16306
2 6 61643
9 10 57397
2 3 60431
7 9 45029
7 8 23604
3 10 41260
4 9 64397
1 7 1506
6 8 67555
2 5 86550
5 8 28911
4 8 12172
3 5 16241
1 10 6528
6 9 88752
4 6 29309
5 9 0
1 2 11612
2 8 53036
10 37
4 5 22864
5 9 11318
3 10 32928
7 9 60304
1 8 26219
9 10 46483
3 7 2118
3 9 78932
6 9 0
2 9 53142
7 10 9694
8 9 17462
5 6 405
4 9 41559
2 6 58414
5 7 29928
6 10 73348
2 7 86280
8 10 40456
3 6 26883
1 4 57096
1 3 26373
2 10 29078
1 5 89032
6 8 77883
2 4 96237
1 7 75169
4 10 81349
4 8 17527
4 7 47063
2 8 17931
4 6 21822
3 4 45315
5 8 45864
6 7 45186
7 8 72597
1 9 38608
10 30
1 2 2475
1 8 26821
5 6 59236
3 4 39237
2 5 76223
3 7 72798
8 10 81294
1 9 76349
3 10 36318
7 8 25701
1 10 169
2 9 19680
8 9 33067
7 10 91879
5 7 53960
4 7 95961
3 9 34567
1 5 88285
5 8 77752
2 3 0
6 8 15303
1 3 87977
2 4 93560
1 4 76241
4 8 13352
6 9 52268
4 9 6751
5 9 25395
4 10 50057
2 7 72364
10 44
1 7 85838
2 3 37061
3 5 59655
2 8 0
2 4 62275
4 6 21043
6 8 26557
1 6 59675
5 10 73538
2 6 54353
9 10 16355
3 10 22761
2 9 87965
3 9 39072
4 9 47909
7 9 28595
1 8 20625
8 9 25065
3 4 86242
2 7 70085
4 5 80184
2 10 25605
6 10 8210
5 8 24451
2 5 82297
1 5 52871
4 10 33333
1 3 50327
4 7 34995
1 2 99858
7 10 3768
6 9 51463
5 9 20614
1 9 69619
4 8 11482
3 8 64293
5 6 79535
5 7 12953
1 4 32774
3 7 83118
3 6 59996
8 10 12510
6 7 72391
7 8 54733
10 38
3 7 11344
5 9 85890
3 5 31802
9 10 19833
6 9 79687
2 5 72858
1 5 92765
8 9 51952
2 4 44612
2 10 67461
4 9 53200
5 10 36921
1 8 19677
1 9 57807
1 4 59392
1 3 72649
2 8 94222
1 7 69808
8 10 29650
2 6 84385
4 7 49286
7 10 72965
2 3 18526
5 6 91137
4 10 86251
6 10 84293
1 2 82851
4 5 22910
2 9 71995
7 8 86134
3 4 56244
1 6 26206
3 8 0
2 7 29310
6 7 5732
3 10 80766
4 8 54873
4 6 88601
10 14
4 6 74420
1 4 35536
6 10 93692
5 9 0
3 10 19843
4 9 54080
1 2 88844
4 10 96732
5 8 26497
2 6 92134
7 8 92993
1 6 68421
1 5 55375
6 8 38083
10 22
6 7 3445
4 8 70767
4 5 35798
1 7 52390
3 9 2954
9 10 0
7 10 38734
1 6 41462
4 7 96616
6 9 4253
2 5 41633
6 10 64497
1 5 91127
8 9 97185
2 9 64920
8 10 64511
2 4 16708
2 7 30502
3 7 94752
2 6 45401
3 6 76631
4 9 63736
10 17
4 10 68844
2 6 0
5 6 98796
3 7 41731
1 8 15795
7 10 83413
8 10 58276
6 10 20451
2 5 24671
9 10 87590
5 8 81999
4 5 10214
2 7 84257
4 8 31091
4 7 38050
4 9 80064
2 8 81912
10 23
1 7 45118
6 10 69691
5 9 25797
8 10 3401
5 6 21268
7 8 84686
8 9 0
3 5 1729
3 9 41474
2 3 55008
5 10 31083
2 10 53227
5 7 71256
4 7 34666
1 8 67410
1 2 76760
1 10 28527
4 9 50738
4 6 70781
2 6 84463
2 8 97670
7 9 68314
2 7 83426
10 44
6 9 83812
1 4 34414
7 8 0
4 8 46537
4 10 11409
2 7 80457
3 6 21839
2 9 70603
5 6 96331
6 7 51452
6 8 65530
1 10 97395
3 4 79788
9 10 38073
1 8 64034
5 9 56443
3 8 6611
1 6 50023
7 9 81888
4 9 64509
4 6 57083
6 10 38236
5 7 77312
1 3 51183
3 9 40694
5 10 72987
2 10 42996
3 7 41651
4 7 63236
2 4 46155
2 5 35986
2 6 23081
8 10 94826
1 5 42047
3 10 29282
4 5 12725
1 9 92740
1 7 43068
2 3 77741
3 5 17566
1 2 79634
7 10 28226
5 8 19651
2 8 82221
10 21
3 10 75344
3 6 67410
5 8 60289
3 8 28570
1 9 98137
4 6 64416
3 7 99224
1 5 63029
7 9 39339
6 9 75510
4 8 13261
5 10 39409
1 2 77364
8 9 48361
9 10 20511
1 3 56915
8 10 20330
3 4 10704
4 5 72444
5 6 0
2 7 13049
10 19
2 10 65240
4 6 17451
6 8 62811
8 10 31845
5 8 5921
5 9 24371
2 3 30474
3 5 94686
5 7 28518
3 4 46618
3 8 98629
2 4 74486
2 7 4101
5 10 69780
1 7 16061
7 8 38744
3 6 28050
6 10 89677
3 10 0
10 29
2 8 99943
2 6 51479
4 7 81155
5 9 83035
7 10 46827
3 8 21542
3 9 53551
3 4 17859
5 10 49737
7 9 97822
4 8 38308
2 3 35732
3 6 6467
5 6 0
1 2 70991
8 10 63475
2 4 23199
6 7 99192
5 8 25982
8 9 43863
1 6 37501
1 9 38675
1 10 80393
3 5 8297
1 3 65835
9 10 72775
2 5 39798
4 9 30562
3 7 75144
10 41
3 4 23128
1 10 18626
3 10 22158
4 7 16543
1 5 24317
4 8 93485
9 10 78268
2 8 1481
2 6 18640
7 8 34327
2 10 10269
3 8 96629
1 3 18792
1 7 92510
3 6 11512
1 9 67074
5 6 18531
1 2 17189
2 3 2193
4 9 0
1 4 11561
2 9 83193
2 4 69231
2 5 85362
6 10 7436
1 6 49129
6 8 96889
2 7 17997
3 7 50914
6 9 624
6 7 78225
5 7 65534
1 8 61451
8 10 83458
4 6 85076
3 9 31903
8 9 83971
7 10 33019
7 9 11925
4 10 63508
5 10 65855
10 37
3 6 25098
1 7 80742
1 6 65581
2 7 5475
7 10 12294
4 6 72704
5 7 15191
5 8 89345
1 4 44108
4 9 65842
1 3 45697
2 4 32420
4 10 29252
6 8 94481
6 9 6310
7 9 77890
3 10 67968
1 9 97094
2 3 44986
1 5 23771
5 6 18331
3 9 0
1 10 3984
1 2 64094
2 5 5556
4 7 54898
8 9 90599
4 5 48727
2 8 59470
7 8 98684
6 10 33936
5 10 48155
9 10 34874
2 6 24938
4 8 17861
5 9 61365
3 4 34775
10 33
4 9 44649
7 8 38048
2 10 78658
4 10 83075
2 9 55186
7 9 85490
3 7 39355
4 6 10675
1 10 66476
5 6 74946
3 10 24161
1 2 0
7 10 30459
3 6 53353
9 10 76434
3 8 62813
5 7 76491
3 9 50939
1 5 84938
6 7 20821
3 5 61985
6 9 59147
6 10 21696
5 9 42499
6 8 17293
1 8 49131
3 4 1003
2 7 42391
2 6 37630
2 8 63624
5 10 77751
8 9 43518
4 8 55803
10 16
6 10 91872
2 6 32379
1 10 65557
1 2 41794
1 9 36970
4 8 40087
1 6 52738
5 7 0
2 3 58587
2 9 26504
9 10 32302
7 9 89923
1 5 87313
2 10 96388
3 5 35634
6 8 71350
10 30
1 10 48053
4 6 22340
4 10 42411
3 10 81668
7 8 50557
2 3 66208
9 10 83438
2 6 38376
3 7 43381
8 10 31903
2 7 66142
4 9 72530
6 7 47547
1 8 24032
3 6 1248
8 9 67665
1 2 41811
1 6 42165
2 9 66651
6 9 53519
3 9 0
6 10 27509
1 9 30641
1 5 60935
1 7 71102
4 7 22193
5 6 36082
2 8 68149
1 4 10120
7 10 71541
10 45
2 3 38414
3 9 47464
3 10 94767
1 2 3518
6 8 0
1 7 72738
6 10 39704
2 8 5619
9 10 33052
6 7 13951
8 10 24583
7 10 74
3 7 14946
3 5 465
5 6 5266
5 9 37333
2 10 9741
4 7 97211
1 9 11377
3 4 15085
5 7 19632
7 9 4585
6 9 80075
1 5 6298
1 6 55798
4 8 41737
8 9 148
1 8 10784
5 8 85919
4 10 23391
2 4 28459
2 9 42663
2 6 78790
2 5 9382
4 9 58062
5 10 53732
4 5 46746
4 6 64875
1 4 47202
3 6 89987
1 3 59942
2 7 36119
3 8 71641
1 10 29646
7 8 57744
10 45
6 10 15257
4 10 90146
5 8 76163
8 10 27807
1 8 29817
4 9 76295
5 9 91955
2 4 71386
1 10 41179
2 3 14666
3 4 82186
2 5 69823
1 9 88322
6 9 33264
5 10 55270
4 8 55424
1 3 6890
4 5 86781
3 7 85216
5 7 95330
2 7 21236
8 9 43263
2 9 47934
3 5 98654
6 8 64408
1 7 31690
7 9 52570
1 6 79825
4 6 60326
9 10 62262
3 6 85078
3 8 42338
2 8 18824
3 10 85235
1 5 11412
3 9 20538
1 4 69923
7 10 12180
1 2 11931
2 10 81381
2 6 0
6 7 58075
4 7 11099
5 6 59420
7 8 13769
