26
4 28 146 47 130
7 150 5 166 111 37 193 95
7 30 151 78 143 99 91 73
6 126 76 32 13 86 153
8 133 128 53 82 160 152 8 14
9 122 2 144 141 75 161 117 181 67
10 135 42 186 35 112 11 83 100 51 9
10 157 34 87 101 115 59 85 72 134 138
14 45 175 60 184 136 185 183 23 171 97 20 66 142 169
8 84 176 123 33 61 167 64 156
12 145 187 124 27 129 102 163 172 41 109 149 16
7 31 71 164 63 92 79 103
10 113 132 39 88 52 173 10 118 56 189
8 22 119 68 74 94 48 89 58
9 55 162 125 174 80 170 155 17 46
10 7 154 106 40 197 93 6 69 21 168
10 139 54 116 26 57 1 108 38 190 29
13 179 19 196 70 81 148 147 49 15 195 104 98 44
10 182 140 178 199 114 200 50 65 3 180
11 43 24 12 177 192 158 127 25 194 188 110
4 107 131 191 96
3 120 165 77
2 159 121
3 198 90 105
4 36 137 4 62
1 18
30
8 141 61 68 244 45 33 110 108
9 210 252 191 203 213 20 185 10 36
13 281 140 183 34 32 16 23 165 216 144 73 22 283
12 21 196 231 284 195 30 262 273 233 11 67 200
11 82 119 253 26 58 268 212 174 215 159 149
11 178 204 129 190 254 78 151 66 257 94 218
15 70 245 224 152 250 104 240 44 134 184 169 236 17 148 173
13 243 46 228 198 93 81 147 161 54 241 2 50 41
11 28 258 274 95 237 153 77 116 3 90 29
16 113 251 88 64 130 60 160 101 172 256 12 158 89 179 14 87
12 265 126 112 71 5 124 272 132 53 285 62 207
20 38 15 182 8 55 278 65 123 48 111 100 230 162 220 107 120 31 91 118 288
14 270 143 137 267 180 47 128 211 40 166 150 56 192 235
13 156 163 97 146 83 117 109 138 181 175 201 263 209
15 18 271 131 135 227 186 221 99 217 19 260 42 287 222 223
13 103 214 76 115 145 208 136 157 105 277 57 80 125
10 188 197 275 238 259 167 280 187 52 121
10 255 176 248 98 189 282 7 27 69 43
10 35 142 225 127 199 247 226 171 74 9
8 63 239 155 106 206 177 269 92
9 193 37 39 249 219 75 205 246 232
7 286 279 6 168 4 229 85
7 133 139 13 72 242 86 25
8 266 170 59 114 122 194 102 234
4 264 1 276 84
3 51 24 289
3 79 154 164
1 49
2 202 261
1 96
34
5 241 353 236 178 313
11 112 288 247 27 225 52 367 185 77 174 336
10 101 315 82 289 73 19 177 229 26 234
12 179 186 215 219 252 120 142 31 157 90 145 144
14 223 151 79 102 62 248 176 181 132 152 22 342 204 36
13 41 278 110 350 276 292 63 173 304 49 246 312 114
16 347 165 131 86 21 309 184 166 209 12 57 140 327 28 354 95
13 58 104 316 163 98 325 366 211 92 235 306 128 317
17 94 257 297 222 279 115 230 134 59 360 138 74 303 107 362 365 333
19 96 371 321 143 330 358 155 320 273 91 220 307 81 286 75 84 373 262 158
16 370 187 207 272 258 287 232 150 170 93 182 255 270 47 89 191
18 78 195 30 201 193 125 274 305 14 46 127 337 267 23 359 206 168 318
16 240 198 345 117 277 48 369 326 269 245 37 275 251 338 122 149
13 53 282 293 301 141 156 213 153 200 263 171 6 344
14 76 45 202 214 346 55 24 137 33 329 323 351 69 374
15 349 328 300 64 126 205 1 324 10 217 254 42 192 348 100
19 377 224 71 68 56 239 233 280 2 242 188 5 189 18 228 237 310 129 70
15 226 199 136 368 212 3 118 250 352 302 260 299 266 285 322
15 375 264 203 339 357 139 108 216 294 109 123 314 7 341 361
10 283 175 105 88 281 172 51 190 196 221
12 124 113 15 4 61 40 227 161 319 261 284 159
13 243 265 99 334 121 60 16 147 363 20 335 111 135
11 249 65 291 244 290 210 311 103 295 146 268
12 34 355 25 340 87 298 343 238 67 35 162 194
9 364 271 39 29 231 164 54 218 9
6 8 50 253 308 80 154
6 331 11 259 372 332 66
7 356 256 180 43 183 208 83
5 116 119 106 17 169
6 13 197 148 44 97 376
4 378 167 38 133
3 130 32 72
1 85
2 296 160
40
3 435 460 139
3 6 387 458
11 459 361 247 222 348 402 221 158 59 135 120
12 163 271 391 388 29 171 196 55 213 397 81 20
14 356 198 354 149 49 457 448 363 71 224 451 463 299 78
15 97 30 151 191 2 464 278 24 312 400 105 43 252 187 121
16 87 319 374 375 285 277 434 204 66 89 190 251 461 186 355 307
19 90 263 280 436 352 56 447 106 409 379 412 404 269 340 401 3 35 283 442
19 259 155 143 225 107 437 316 205 420 124 168 230 336 432 301 85 57 26 161
11 246 444 288 194 313 177 386 433 40 333 237
18 136 69 308 317 109 156 315 323 384 170 383 53 231 47 276 253 160 342
16 165 385 128 34 378 322 75 314 365 256 133 58 31 304 199 154
17 166 123 12 126 68 266 9 200 46 422 357 195 318 287 48 114 44
18 411 258 426 445 145 102 150 108 418 321 424 104 179 235 60 408 396 373
20 398 98 113 406 305 248 211 162 421 72 142 197 414 290 18 125 369 215 178 83
17 293 100 407 140 65 94 389 236 449 254 37 337 11 23 376 359 274
19 206 249 45 368 189 188 167 119 240 192 467 303 306 50 454 456 73 234 294
12 141 392 42 208 268 310 345 399 393 410 440 4
14 176 147 13 131 439 335 36 172 95 79 227 419 223 122
21 153 112 14 298 334 245 134 264 273 394 8 428 466 33 367 347 181 41 88 118 381
9 380 96 117 241 377 297 366 110 353
17 370 19 61 242 284 138 289 146 453 207 21 82 302 328 116 327 70
15 86 465 226 91 452 296 239 272 371 77 25 193 164 441 446
11 132 84 103 279 51 309 27 265 416 261 17
10 38 455 324 10 244 212 15 382 325 63
16 326 144 76 32 99 275 351 28 346 250 175 220 7 202 80 62
14 295 341 255 16 260 430 22 101 182 425 214 183 300 413
12 54 111 52 417 1 423 233 174 67 291 228 39
8 210 137 243 415 372 229 185 349
9 292 450 184 320 217 92 403 286 395
7 360 443 238 270 218 331 180
9 362 338 282 203 169 201 339 358 431
10 159 64 74 93 438 129 343 350 267 332
8 462 216 130 329 429 390 311 257
5 127 152 330 405 209
6 427 157 5 173 232 115
2 281 364
2 148 344
1 219
1 262
40
6 134 155 137 242 406 199
9 114 277 408 263 522 391 425 371 196
15 194 66 123 438 77 397 39 276 343 499 251 414 359 303 159
15 346 373 75 335 26 67 61 13 273 82 243 150 238 265 204
13 120 460 119 396 126 490 457 410 29 297 133 229 352
21 294 56 358 173 313 415 115 27 296 57 86 483 54 48 466 85 266 293 81 329 127
20 111 532 260 222 284 88 252 382 291 270 399 35 197 240 481 231 364 254 247 106
15 286 372 176 151 245 509 15 468 299 275 360 130 462 121 165
21 421 365 485 217 37 507 112 403 278 164 501 459 413 327 548 474 223 386 527 553 361
18 10 444 191 248 92 17 550 301 4 418 45 166 255 49 454 426 175 400
13 157 467 158 108 366 404 14 300 262 182 105 535 544
11 193 23 351 122 376 477 384 322 205 153 337
20 480 488 349 72 135 59 125 192 131 440 41 161 314 350 274 180 551 98 323 70
18 463 189 50 141 356 285 200 491 63 347 264 505 25 269 370 320 308 422
17 334 389 87 109 22 398 101 321 552 60 128 497 545 267 336 6 110
20 521 516 311 514 315 58 407 228 139 183 316 424 21 253 543 390 511 219 306 465
20 118 341 185 436 68 345 508 402 170 519 538 168 504 369 28 32 147 419 11 132
20 271 533 1 471 281 116 239 198 236 412 437 74 534 431 417 8 363 143 305 464
17 328 502 435 2 342 441 140 539 84 279 163 235 181 148 298 91 227
16 469 411 338 171 3 290 330 449 387 393 492 292 289 430 304 333
19 375 210 69 450 257 331 162 549 518 94 381 233 517 259 500 362 190 455 208
14 216 432 484 103 117 246 99 537 78 202 295 528 203 453
15 524 486 7 102 12 324 510 104 46 97 96 476 241 234 312
14 478 458 531 258 93 495 513 378 268 307 310 388 206 249
11 230 332 149 44 186 394 456 79 526 80 187
16 451 482 237 138 498 167 318 353 213 452 309 146 95 392 113 489
19 536 427 177 367 34 357 20 354 423 225 530 282 36 51 512 529 209 434 215
15 188 520 302 479 325 43 523 124 19 250 493 89 445 395 525
12 142 383 184 52 496 416 447 40 515 556 65 136
9 385 443 428 547 33 540 83 201 470
15 42 31 506 555 280 195 90 100 503 344 172 405 47 377 472
13 317 283 144 207 212 154 55 288 53 339 38 224 420
14 5 211 16 541 473 494 24 160 9 145 433 429 368 401
11 152 448 64 379 107 73 487 446 214 179 439
7 226 542 546 30 256 272 348
8 71 174 461 62 220 319 18 261
4 232 442 218 178
6 554 156 169 475 380 355
6 409 76 129 244 221 326
3 340 287 374
45
7 176 12 100 642 222 501 31
10 319 387 324 352 609 137 298 347 384 157
11 262 164 502 338 536 520 52 435 149 530 84
13 107 462 558 59 267 72 326 290 366 281 440 521 233
11 47 382 14 114 509 619 538 618 238 636 379
16 60 367 35 250 365 320 343 273 528 187 466 2 540 148 215 491
21 204 226 74 446 25 316 242 274 390 115 131 597 296 310 49 51 592 314 287 547 570
21 213 57 140 555 607 334 513 18 23 427 626 331 425 312 33 336 598 474 190 248 303
18 214 41 109 472 173 75 544 182 83 632 612 39 50 207 424 437 503 142
15 639 581 552 461 10 439 325 192 323 105 351 393 364 265 604
19 420 82 194 318 286 236 406 61 158 191 596 451 54 345 545 234 643 26 8
24 410 442 228 118 113 220 129 280 549 20 524 284 58 150 443 89 185 445 188 344 566 322 311 361
14 282 147 456 258 556 585 377 582 495 272 529 110 507 261
20 515 169 120 624 21 245 271 561 354 3 108 79 66 294 34 594 203 381 385 132
20 4 444 179 155 45 308 96 489 53 5 557 268 492 398 574 136 256 411 392 195
21 368 212 493 415 550 92 637 532 266 259 177 454 249 391 90 386 144 180 276 337 174
21 128 375 499 95 369 627 588 559 553 436 332 221 383 565 127 167 412 460 208 486 590
19 251 603 498 201 56 431 371 145 572 37 295 468 595 488 317 504 407 635 32
23 206 232 29 241 202 551 111 11 479 19 568 307 586 517 478 621 162 78 459 630 616 257 496
23 641 482 211 255 355 86 329 300 593 397 403 505 580 1 71 99 560 613 542 246 573 103 153
17 484 380 218 67 546 516 252 348 178 378 15 471 631 189 614 244 473
17 433 577 24 374 535 297 342 350 304 408 125 237 416 94 143 605 633
20 239 356 321 363 438 426 339 165 133 184 358 22 373 198 168 623 197 313 91 480
19 608 263 469 123 449 247 154 569 414 6 625 7 116 283 349 526 30 359 615
15 161 223 88 279 554 146 514 44 576 508 405 562 421 527 548
17 523 333 73 160 199 599 254 481 235 629 81 448 578 17 315 93 441
16 13 98 229 38 112 76 63 101 376 186 200 388 584 69 166 260
14 485 402 193 64 395 43 36 399 362 458 400 419 640 46
22 370 293 483 531 330 196 306 506 264 628 240 450 138 512 291 106 181 227 583 104 525 418
23 27 183 65 302 587 85 432 243 216 430 494 567 163 305 117 634 602 151 102 465 171 413 422
14 270 122 467 253 135 335 533 611 134 606 87 455 487 457
13 340 219 121 372 225 617 394 434 205 341 80 591 490
16 217 389 511 224 579 620 124 600 9 452 518 309 571 476 278 159
8 497 477 97 141 175 130 500 464
7 638 48 62 346 396 152 610
7 156 119 231 55 16 404 575
9 230 453 644 543 470 209 539 299 475
15 409 42 68 353 510 563 327 429 170 417 301 289 401 275 564
8 601 423 139 292 522 463 589 126
5 288 447 534 537 360
7 277 285 541 210 269 328 172
2 28 622
3 70 40 77
2 357 428
1 519
45
5 378 175 685 164 541
13 262 525 336 397 471 360 232 501 559 644 401 135 158
15 393 27 140 311 571 633 151 202 284 196 605 681 731 643 382
20 26 216 334 298 636 500 386 108 544 273 584 373 218 71 256 634 219 17 705 172
18 132 704 303 476 599 152 76 409 79 225 165 204 425 101 129 553 112 370
19 93 518 391 83 434 702 456 223 87 328 55 30 222 153 374 692 444 211 122
20 291 589 438 696 562 161 24 631 458 470 539 566 260 96 725 233 160 180 228 308
20 123 46 62 280 286 465 264 330 198 342 514 322 483 157 15 538 58 429 270 547
25 486 531 272 63 683 234 277 556 635 550 577 554 214 597 319 621 474 616 245 512 411 426 127 400 178
23 169 526 20 95 689 33 447 12 44 733 54 590 325 459 141 59 510 582 131 150 641 667 688
23 138 136 570 143 230 281 345 563 452 646 596 188 610 638 528 240 477 111 446 42 708 536 709
26 552 307 410 331 440 561 282 206 535 460 213 533 156 630 357 70 574 16 155 372 698 324 207 80 329 45
26 670 320 91 699 241 679 387 297 47 690 353 257 171 567 418 428 424 451 484 163 154 436 81 182 318 412
22 173 625 581 714 396 445 274 645 671 614 115 278 406 453 546 50 301 522 647 356 701 11
30 420 194 254 292 653 432 463 340 203 109 628 682 146 10 613 467 674 549 718 208 313 119 37 246 98 715 672 376 405 369
25 507 543 215 727 719 375 170 296 404 706 258 90 601 421 454 363 267 455 565 720 663 723 237 99 102
23 184 693 344 346 430 327 575 478 503 35 13 347 38 268 32 694 352 130 289 242 433 462 75
20 197 312 588 4 707 600 573 662 669 317 139 516 640 105 655 664 359 383 560 632
20 648 414 619 461 174 472 238 691 626 72 341 668 137 642 56 586 676 495 189 379
27 249 384 622 185 201 269 624 627 89 212 310 125 191 417 261 448 338 568 449 326 48 716 496 162 703 288 490
21 337 18 650 166 481 354 579 532 722 415 506 19 195 558 29 598 51 77 65 606 106
20 509 508 502 580 82 339 181 92 255 416 117 295 468 231 53 623 519 8 489 555
20 371 220 659 167 358 355 67 488 578 602 534 594 40 464 710 200 673 721 266 399
16 314 179 521 413 499 603 2 612 7 124 423 390 52 253 177 279
23 226 224 366 248 275 66 615 60 475 283 607 5 711 251 349 243 134 306 1 31 290 100 523
17 265 637 697 94 540 148 557 6 717 14 187 343 442 408 97 247 687
14 660 186 133 480 332 333 608 665 367 304 57 88 350 569
12 221 473 74 394 299 712 389 576 730 388 23 235
17 293 639 592 457 239 652 128 487 439 609 147 542 402 104 551 43 25
11 364 695 144 564 259 407 9 287 244 427 437
13 469 263 732 494 118 591 190 209 22 86 199 666 78
13 713 294 276 149 511 36 492 482 620 34 441 381 520
14 491 649 524 335 205 250 513 385 229 595 419 348 103 73
14 365 361 728 392 236 305 529 700 217 323 321 651 85 611
13 302 443 21 116 604 380 545 680 300 431 493 678 159
10 527 69 515 435 362 403 657 504 309 585
11 252 654 593 497 583 517 315 183 39 684 142
9 530 68 724 677 41 398 498 3 121
8 617 572 548 176 145 271 168 61
11 485 126 227 587 686 422 28 479 64 84 629
11 658 656 210 661 114 107 726 120 110 285 675
5 505 192 193 450 368
6 395 618 351 729 316 377
3 49 466 537
1 113
52
7 241 648 426 808 410 13 502
8 533 311 387 69 295 140 91 343
12 409 197 608 127 601 218 791 782 150 407 31 25
13 505 534 180 244 537 440 277 95 544 288 445 404 364
16 70 399 512 279 146 634 616 435 543 123 773 4 447 138 113 366
16 531 747 397 133 562 701 132 317 191 10 748 800 717 645 459 346
15 797 574 600 740 26 192 302 23 659 513 793 90 731 674 744
20 721 86 539 481 1 738 429 149 627 205 332 328 255 758 227 125 66 323 807 240
14 452 213 732 541 621 680 553 532 93 281 769 106 615 414
18 626 749 84 771 593 225 202 583 650 693 651 186 783 261 63 247 578 477
25 384 751 591 273 779 354 538 690 185 345 53 131 464 44 363 785 87 631 126 235 98 545 75 595 754
22 265 234 394 62 768 290 370 212 267 232 163 264 509 5 254 249 174 386 624 136 704 350
17 385 269 667 786 40 251 79 405 582 629 460 108 33 381 425 705 51
20 193 97 789 503 759 703 319 697 367 487 494 806 168 733 753 398 819 129 412 812
20 491 216 662 368 495 165 65 27 130 89 750 134 478 436 535 529 713 480 348 670
19 303 776 143 614 516 433 224 377 155 653 492 203 77 810 809 815 296 530 483
26 184 217 230 107 606 282 228 555 657 623 598 514 268 388 139 293 402 775 154 71 43 145 493 142 564 314
27 568 309 816 56 175 633 446 437 187 473 181 442 526 243 2 46 100 347 479 110 333 164 406 813 257 636 551
22 148 306 299 304 672 198 286 237 523 430 691 795 519 60 211 610 463 48 383 172 238 380
23 792 448 67 716 726 684 486 707 266 341 271 292 737 37 403 647 42 596 160 395 557 576 471
21 798 725 698 468 465 474 274 561 467 118 92 700 58 115 233 778 515 506 788 803 683
27 632 423 640 68 756 101 724 718 194 511 301 715 167 6 171 260 656 422 450 590 307 675 365 682 431 28 331
26 625 206 453 144 157 547 671 757 498 72 94 246 318 390 259 794 351 482 35 814 573 298 253 210 57 454
21 766 712 428 669 128 508 22 580 19 340 99 229 223 312 178 566 400 755 456 116 821
26 45 15 320 321 39 664 567 728 170 563 628 699 677 158 382 151 817 618 663 275 649 741 231 379 548 122
18 546 736 679 434 190 455 774 499 484 376 522 256 208 183 439 371 7 694
20 525 585 518 408 602 17 761 413 14 611 550 765 424 276 421 396 411 355 658 723
15 760 584 177 666 141 620 461 310 711 730 245 61 330 219 360
24 695 188 432 209 643 603 646 82 359 536 457 444 278 552 334 242 767 96 605 226 32 176 248 358
15 73 617 161 124 708 214 644 305 777 805 727 607 29 588 554
19 801 308 103 49 215 735 558 780 336 109 752 802 78 30 280 565 451 335 34
22 587 204 706 401 117 81 770 586 291 510 102 338 635 339 613 485 702 11 720 20 121 337
19 327 284 579 438 665 169 739 638 162 577 220 356 55 592 540 742 59 655 417
17 352 475 378 152 630 764 252 207 300 556 745 114 283 120 818 344 357
20 489 289 119 729 470 375 560 458 322 173 199 466 496 569 762 74 326 419 772 64
21 391 88 804 189 236 676 784 270 673 599 619 641 182 520 441 575 449 654 353 272 528
17 796 559 76 415 3 709 12 179 427 362 153 104 527 262 517 504 313
21 581 612 661 21 719 221 570 687 820 24 239 549 622 763 521 372 572 297 418 316 325
12 361 462 329 201 476 285 692 54 41 822 609 80
11 799 507 668 250 811 159 594 166 685 16 488
13 497 542 147 135 710 714 688 9 500 8 571 83 85
14 689 349 490 105 52 501 743 416 200 722 389 324 393 18
10 642 696 195 137 597 787 369 47 374 342
5 38 660 420 111 637
6 196 443 790 287 472 652
6 469 781 589 373 258 392
5 36 294 112 681 524
3 746 604 734
3 222 678 50
2 686 263
2 639 156
1 315
54
6 867 496 897 370 714 96
12 248 884 828 906 148 425 537 559 526 711 568 88
20 542 355 524 158 680 416 851 839 34 344 857 676 893 718 199 753 258 861 210 786
17 178 833 713 232 387 745 508 813 390 276 469 163 540 261 668 371 445
15 572 820 162 325 801 303 299 172 715 826 536 618 490 466 467
11 300 909 494 636 354 112 3 679 392 60 12
18 209 848 544 728 896 706 788 255 330 908 504 600 166 31 756 24 128 639
16 483 853 147 327 322 471 375 363 878 268 307 894 359 591 749 253
21 455 691 705 633 611 21 134 396 663 240 130 366 571 612 684 823 619 46 656 244 118
21 830 189 389 86 47 135 290 160 176 850 260 863 529 249 414 73 369 395 661 689 727
18 351 197 453 787 6 67 505 394 358 765 606 487 353 92 783 438 76 899
22 269 185 694 61 145 264 41 834 116 461 18 296 671 580 441 411 686 19 71 234 777 452
27 497 133 605 40 2 859 743 117 94 289 569 883 747 491 620 340 83 886 594 373 38 59 188 630 665 810 773
23 734 586 399 283 646 677 246 457 171 628 53 182 880 257 42 723 486 599 642 449 43 716 212
23 181 142 277 553 343 637 641 89 905 664 683 430 759 323 627 645 669 907 132 585 11 458 887
22 815 667 404 33 175 367 649 23 78 463 97 230 36 836 111 870 26 190 193 511 251 446
20 345 378 386 548 501 614 766 868 331 703 488 456 400 465 291 762 27 666 231 532
25 115 79 552 129 603 102 388 364 838 697 280 564 709 422 819 589 169 348 757 215 99 732 687 256 678
23 538 525 881 245 770 319 475 259 659 741 700 405 748 454 170 239 45 56 131 502 533 281 904
20 731 604 398 447 484 895 10 326 217 539 288 63 735 519 336 273 306 662 415 297
26 507 481 362 66 223 547 321 902 459 805 229 275 792 784 262 609 588 640 16 384 473 720 846 180 477 214
30 891 203 436 593 843 167 101 721 831 443 845 763 865 798 220 267 391 791 221 648 141 13 407 651 872 682 672 601 431 832
18 123 827 228 51 625 126 206 360 204 191 800 314 685 545 543 560 621 122
25 442 84 565 65 898 652 789 379 527 120 794 263 278 690 660 462 149 30 874 704 567 575 301 125 574
30 219 216 754 729 739 812 500 578 409 93 137 49 910 279 103 318 207 349 617 82 55 119 208 596 381 218 557 470 374 50
24 474 22 192 372 771 150 901 265 597 764 95 492 25 476 841 550 692 320 522 161 226 316 555 397
20 806 233 755 693 509 782 701 647 241 311 570 802 284 750 152 778 761 468 546 710
20 480 302 403 551 825 489 424 144 746 69 864 890 184 862 401 211 785 566 54 313
16 807 485 266 730 195 707 795 854 561 104 200 17 837 708 517 631
20 393 616 254 871 911 760 781 39 304 329 674 8 437 835 285 858 196 410 817 68
22 503 472 772 154 776 774 814 670 758 48 520 62 272 121 310 740 698 77 81 312 136 7
21 174 688 797 139 294 91 643 361 752 479 653 439 5 803 309 722 464 114 624 577 590
23 298 225 856 44 816 626 498 28 608 623 420 110 383 811 427 15 164 156 412 57 202 335 530
19 840 598 419 521 282 821 478 238 584 769 808 434 413 157 632 450 90 342 622
20 724 408 531 518 14 780 337 576 523 514 213 428 186 140 512 655 435 242 602 495
15 592 423 885 818 113 751 127 85 654 799 696 699 402 635 528
12 155 595 534 146 556 317 644 356 779 493 440 432
17 513 334 406 573 658 879 270 634 451 582 650 587 675 725 347 849 847
15 888 252 205 20 793 738 328 153 581 107 583 866 177 4 332
14 380 417 541 736 860 183 29 506 385 377 460 194 315 87
11 198 179 829 368 809 775 124 376 657 365 324
19 350 338 638 286 903 109 562 482 108 673 558 444 274 869 222 889 733 308 295
13 844 64 143 796 346 613 882 554 875 421 855 187 159
10 271 236 75 9 744 629 201 742 352 615
11 695 429 607 74 339 224 842 52 32 563 681
10 105 35 719 768 510 515 333 37 712 72
9 900 426 876 499 579 341 250 822 1
10 852 151 804 138 58 382 418 237 824 433
8 247 737 98 790 535 717 767 70
9 227 287 293 243 448 100 726 173 873
6 610 292 165 168 106 305
3 892 877 80
3 357 702 549
2 516 235
54
11 284 979 846 967 385 678 310 281 77 33 835
12 628 670 248 721 902 461 489 247 116 465 550 294
17 502 67 411 262 730 823 54 125 286 22 533 365 291 171 938 14 438
20 137 876 563 976 410 278 429 143 974 889 654 17 395 859 509 320 608 144 559 177
28 585 941 111 713 399 647 547 671 925 401 958 558 657 482 576 251 532 32 285 113 897 712 815 612 403 453 471 225
26 65 7 677 63 164 477 630 452 6 240 771 682 565 18 832 316 783 575 529 92 795 237 519 468 997 333
25 279 76 510 88 204 184 910 243 424 841 759 820 598 543 739 956 313 727 864 764 635 728 234 720 943
25 5 357 528 895 570 675 79 872 447 304 167 844 542 492 303 255 802 799 607 106 590 428 129 445 840
21 99 336 648 679 830 470 837 763 792 687 516 742 804 488 926 773 39 443 603 105 866
25 549 988 4 696 821 123 145 717 982 878 579 993 915 321 353 444 491 418 215 546 699 816 977 865 149
28 901 676 972 409 534 583 301 422 955 213 904 202 748 163 481 297 725 267 620 912 779 219 726 339 309 120 634 584
24 196 52 490 371 965 258 822 919 128 259 96 503 8 785 90 950 568 300 777 801 567 183 775 681
21 754 593 64 487 936 157 170 638 704 109 416 345 615 25 622 245 735 540 426 235 274
25 624 475 155 372 95 370 780 27 448 535 435 305 381 122 544 588 179 205 437 288 813 306 364 589 29
28 513 818 400 825 221 644 838 845 368 536 743 132 968 862 736 597 210 147 290 462 387 156 944 557 75 81 879 207
25 665 464 935 995 159 758 55 141 257 683 393 394 952 16 254 413 868 719 391 42 334 135 152 296 892
31 40 124 71 66 455 860 13 983 963 954 580 58 126 686 185 382 78 733 24 791 223 46 694 637 390 216 212 661 666 888 909
29 927 662 511 619 386 209 359 419 61 787 703 166 432 631 929 861 538 961 741 1000 104 315 28 239 668 894 266 361 649
26 362 625 789 890 606 47 93 226 999 499 1 852 626 434 914 893 134 162 896 127 981 232 425 208 472 140
27 423 217 716 537 442 19 697 449 421 193 767 729 117 709 939 161 942 352 270 601 940 863 384 56 621 689 402
23 500 978 173 810 414 695 222 553 287 175 684 610 755 21 496 948 480 853 667 439 858 722 674
25 746 328 224 869 658 673 326 441 114 407 214 82 10 389 724 508 198 812 707 350 826 945 522 332 964
23 932 847 875 745 515 354 505 130 970 851 527 757 192 378 962 632 586 367 928 715 37 883 732
21 911 906 289 351 669 507 738 573 57 119 189 406 774 376 246 752 298 797 985 636 916
27 921 856 458 701 377 405 280 375 131 524 358 228 600 959 992 842 641 203 102 293 451 249 564 518 3 2 803
27 373 731 645 319 374 762 80 404 520 60 504 884 887 843 498 594 561 459 87 168 45 766 112 805 708 817 609
22 653 618 97 494 874 396 307 121 592 220 602 72 317 11 931 723 714 702 819 960 829 169
19 484 62 59 23 506 138 807 312 554 824 737 596 190 115 292 521 356 230 495
23 772 341 348 85 474 343 91 450 552 107 613 194 525 20 753 440 327 776 750 34 517 839 848
23 133 891 318 987 335 195 688 187 933 44 591 562 718 272 273 652 51 614 388 311 617 86 200
26 784 734 344 922 282 705 643 651 646 322 599 566 577 541 154 571 30 94 83 526 749 302 828 479 41 969
17 446 151 627 229 241 790 188 430 469 913 930 700 392 174 796 989 277
24 560 108 325 539 770 295 920 493 427 639 233 990 74 690 181 36 415 693 412 685 276 924 587 867
20 855 768 996 616 980 227 551 231 383 800 556 69 806 531 139 463 782 330 788 206
15 101 850 975 809 466 706 35 256 994 781 623 786 545 369 903
14 946 951 176 605 433 949 905 182 811 153 744 460 937 9
18 252 146 953 655 264 973 299 769 880 569 478 833 633 43 349 604 263 672
14 555 15 244 142 178 663 711 877 89 324 191 337 642 103
18 512 165 831 366 664 98 283 998 899 50 118 501 581 692 760 197 827 38
13 881 218 53 160 331 323 236 765 397 271 794 966 991
10 211 900 854 269 514 84 857 483 885 73
14 574 984 971 882 314 656 611 346 242 342 740 751 629 870
11 934 49 180 578 70 379 886 918 454 761 26
12 798 363 338 530 457 265 201 957 476 898 778 360
9 329 680 110 849 947 380 260 408 148
8 275 136 834 986 31 756 12 836
11 456 640 261 793 268 158 814 186 100 250 710
10 48 150 572 660 659 199 467 808 485 340
8 253 68 238 431 923 747 523 871
6 355 908 650 582 486 698
5 308 347 691 873 398
4 917 172 436 548
4 595 497 473 417
2 907 420
