5
3 1 13 6
4 3 2 16 12
6 4 17 20 18 14 19
4 9 11 7 15
3 10 8 5
29
1 9
1 16
1 22
1 28
1 8
1 4
1 5
1 18
1 19
1 25
1 17
1 26
1 27
1 2
1 7
1 6
1 29
1 23
1 3
1 14
1 13
1 11
1 15
1 1
1 24
1 21
1 12
1 20
1 10
6
32 37 8 33 35 24 10 21 28 12 38 32 7 23 22 2 5 6 16 13 11 4 26 27 18 34 31 1 36 15 9 14 17
2 20 30
1 3
1 29
1 19
1 25
41
1 13
1 9
1 27
1 31
1 47
3 42 45 17
1 37
3 14 36 46
1 22
3 21 15 12
1 43
1 20
1 35
1 5
1 33
1 2
1 41
1 18
1 4
1 10
1 34
1 6
1 25
1 40
1 24
1 30
1 44
1 38
1 26
1 7
1 32
1 1
1 11
1 39
1 16
1 28
1 23
1 19
1 29
1 3
1 8
7
44 38 40 33 56 24 30 35 19 11 16 9 34 12 18 23 55 20 22 37 48 54 2 1 41 45 31 7 5 52 28 6 29 27 25 47 14 32 39 49 4 53 43 15 36
2 44 10
2 3 46
2 13 50
2 42 21
2 8 17
2 26 51
14
4 21 12 28 59
7 62 41 37 52 47 35 6
5 33 40 7 25 11
9 42 34 10 51 29 46 61 36 9
6 31 4 17 5 54 45
6 58 53 55 18 8 19
8 49 16 23 2 24 56 13 30
3 50 44 15
4 3 43 38 1
4 20 27 48 63
2 64 32
3 22 60 57
2 39 14
1 26
73
1 26
1 70
1 68
1 20
1 44
1 23
1 17
1 15
1 30
1 55
1 1
1 51
1 36
1 11
1 71
1 10
1 56
1 9
1 40
1 33
1 39
1 35
1 59
1 45
1 54
1 2
1 6
1 50
1 62
1 38
1 24
1 12
1 16
1 48
1 66
1 63
1 21
1 34
1 42
1 32
1 19
1 67
1 13
1 52
1 72
1 49
1 29
1 22
1 65
1 57
1 7
1 27
1 5
1 4
1 58
1 18
1 47
1 3
1 73
1 60
1 61
1 28
1 31
1 69
1 41
1 64
1 14
1 8
1 25
1 53
1 43
1 46
1 37
68
3 12 35 7
1 44
1 71
3 26 21 16
1 31
1 11
1 37
1 33
3 57 55 15
1 6
1 75
3 49 4 67
1 27
1 30
3 29 81 41
1 20
1 34
1 25
1 28
1 76
2 73 39
1 52
1 23
1 48
3 72 45 9
1 80
1 51
1 32
1 17
1 56
1 54
1 2
1 59
1 14
1 1
1 38
1 62
1 5
1 36
1 68
1 47
1 42
1 60
1 53
1 22
1 66
1 74
1 8
1 46
1 63
1 43
1 77
1 13
1 50
1 82
2 61 58
1 18
1 70
1 19
1 78
1 65
1 10
1 40
1 79
1 3
1 64
1 69
1 24
8
6 29 26 39 89 80 86
8 46 12 25 54 8 71 21 15
29 7 22 49 45 43 88 23 30 18 50 64 16 90 67 2 19 17 76 74 60 79 59 13 62 57 36 87 28 4
15 41 11 77 38 9 52 34 10 84 75 24 83 66 82 56
26 37 1 58 14 42 91 63 31 40 69 73 72 33 53 35 81 44 51 27 78 32 6 20 61 5 85
4 3 68 48 55
1 70
2 47 65
17
6 6 71 73 61 15 39
9 32 25 83 62 93 12 84 87 8
8 36 49 60 97 98 68 43 54
7 50 1 34 14 29 76 4
9 33 80 70 17 42 51 19 66 3
9 90 10 22 30 96 67 2 69 77
6 35 16 21 59 91 72
6 7 75 11 89 13 65
9 82 44 56 53 26 28 99 88 86
5 100 48 23 9 38
6 94 55 64 37 27 47
5 52 40 57 20 5
6 79 24 74 85 31 81
4 41 46 95 18
2 63 45
2 58 92
1 78
