100
3
2 2 2 2 2 2 2 3 3
2 2 2 2 2 2 2 2 2
3
2 2 2 2 2 2 2 3 3
2 2 2 2 2 2 2 2 3
3
2 1 2 1 1 1 1 1 1
1 1 1 2 2 2 1 1 1
3
5 4 7 9 8 6 2 3 3
1 8 5 8 4 8 2 2 5
3
703748 192865 357686 593661 749913 873627 247199 126438 248819
907721 498189 974965 101177 898458 405583 70035 145740 517490
3
2 2 2 2 1 3 1 4 1
1 3 1 2 4 2 2 2 2
3
492315 861239 11390 723744 968606 666354 7459 434597 798593
876176 53512 307418 492190 882904 921961 145653 717924 907051
3
536430 556290 306410 515451 479772 803323 66873 542870 694584
249737 65266 22227 588592 265613 604758 348757 976375 774163
3
731109 198504 279731 983310 606211 666845 50608 815962 679823
376328 250465 977427 775369 176638 414290 504500 648803 139431
3
185471 767886 970975 685547 728600 396467 157689 419431 578887
972766 645694 693234 596102 8707 185661 615565 727128 840152
3
256019 259532 256854 256055 258851 256533 258808 252815 256975
258189 258211 253574 255649 257238 255081 257629 256243 260630
3
117533 497964 624884 655042 857404 669235 747460 753390 309194
590658 932170 364025 289675 105177 326313 90591 271976 608352
3
2 6 5 4 2 5 5 3 2
4 3 3 3 2 4 2 4 8
3
639526 193340 890390 338898 651021 412006 770768 923217 44282
869275 341479 76234 156766 309208 383367 579485 730378 689605
3
820312 732180 308893 596713 909863 241972 880276 302720 281297
472819 753583 271187 348772 361716 185177 172724 676976 788214
3
3 11 5 4 3 7 4 4 5
11 3 6 6 4 6 4 7 2
3
826358 376938 490942 630203 794498 103248 261380 291884 809834
995513 593626 632339 349133 409752 78416 124453 673180 740779
3
743323 424271 869342 163473 802512 633922 408274 413262 171929
774246 651757 915446 79807 634364 10534 285140 423120 675319
3
8 3 3 4 3 5 2 4 6
3 6 2 3 4 6 7 2 4
3
269408 270959 270589 274299 270553 275820 266620 273625 270480
271503 274396 268236 270768 271599 271037 273570 268376 272869
3
445369 182843 489328 188505 150805 482067 536357 89556 148299
371681 612040 510177 911887 908107 817733 606295 679628 881947
3
922039 849794 24355 494158 107843 901145 376280 363926 26864
282335 759568 687258 676569 560805 242647 618159 360272 754249
3
4 6 6 5 3 2 3 3 6
6 4 4 7 5 5 1 2 5
3
4 5 6 4 7 4 4 4 3
2 3 4 4 6 7 3 5 5
3
660127 257785 644742 542640 988147 442140 985864 616233 91346
477007 433726 529161 655450 116032 800457 174444 503427 383788
3
172706 102202 920150 483255 53487 124410 750694 984630 864688
629735 384328 58395 99758 970732 633179 762504 813351 996947
3
4 5 1 2 3 3 6 2 2
6 3 5 3 4 2 2 2 3
3
2 1 1 5 2 1 2 4 3
2 3 2 3 2 5 2 1 1
3
701331 704724 684891 703391 716493 695101 703976 691655 712447
704291 698680 700662 687041 704045 703668 703992 704151 707479
3
1 1 1 3 2 1 1 1 2
2 1 2 1 1 2 1 4 1
3
741469 749191 758449 749290 738472 756193 746473 745265 764787
758461 743279 737320 746720 749853 743907 758394 755485 756176
3
564127 981939 205164 954885 500777 71805 836905 847339 357327
220781 114945 352433 705537 77607 743183 184245 150423 382638
3
951680 424255 61248 230182 166469 971615 253971 350500 538994
794913 174647 879914 671495 620061 800510 531592 40715 648141
3
515330 524042 68990 241325 212392 773073 176744 872558 369122
259065 314021 448412 175805 490543 540364 325556 249980 953027
3
672749 220310 435246 101294 360651 761109 263846 201909 20601
621451 899519 502315 195619 653946 143017 802316 48347 478314
3
705008 707296 694234 697247 690237 706153 694986 696974 700720
698112 699277 705384 701452 703380 697926 695393 696136 695795
3
389405 391185 384188 387851 385933 388091 387595 392952 395509
391618 392173 388033 386411 389605 394107 391056 386888 382819
3
276328 759267 288359 124665 496945 454623 182323 697044 998343
461802 441085 569318 498573 647667 343591 198258 53086 696939
3
163618 165344 165313 164078 165445 168159 164848 165351 168771
164993 165245 165461 168174 165608 165901 164585 163761 167197
3
777330 968545 383576 165110 936311 171270 482580 986574 801672
726399 107953 572946 699155 629471 667658 894561 461259 793116
3
651388 646482 633704 648144 645799 648199 650324 637524 634936
652727 645139 629184 646663 656881 644115 643850 641994 635950
3
5 1 2 2 4 2 1 1 1
1 3 2 6 1 2 1 1 4
3
2 1 1 1 2 2 1 2 1
2 4 3 1 2 1 1 1 3
3
656664 540516 210643 798056 975095 578202 23102 494322 414047
673515 82687 685269 615109 441711 448088 966936 59743 431710
3
863475 797014 878047 856325 152571 152997 291851 214775 45108
5459 12273 830016 935786 2846 434664 428667 5934 824004
3
462221 468329 460991 461516 465516 464930 465851 463425 466707
464740 470802 461187 457561 462570 467807 462527 468038 464254
3
968453 265945 598514 990033 187102 77732 323332 70903 959969
971078 835649 136276 401189 856648 582518 41394 754143 702168
3
3 2 1 4 3 3 3 1 3
4 2 2 5 2 2 3 2 2
3
936640 638736 850481 302296 774697 654992 68209 170058 486986
648876 196492 701595 811660 781259 972058 696539 166407 863857
3
103629 106472 107397 105180 105497 106377 106502 105979 105572
107838 106591 106158 105225 105803 105839 104501 105153 105496
3
852751 647942 881358 437715 299558 789854 848947 462835 879604
607721 545458 567160 349102 92698 955834 612908 774019 268018
3
413773 334856 877824 122223 342289 39424 214164 390504 284809
77540 981374 158805 411566 431419 827326 511761 369545 82462
3
127430 305534 150635 906893 770171 474517 987153 648232 380683
579170 777285 233604 917180 102565 199753 874043 810697 403004
3
1 6 1 4 3 3 1 5 4
2 1 4 6 3 4 3 4 2
3
255635 828673 515951 687861 486792 764639 395207 750951 618008
110215 9540 809750 894525 693375 551031 194466 112938 435512
3
854532 871740 849278 860134 840188 848294 856284 856181 854461
854747 851408 852313 842443 865867 847809 855093 852647 868765
3
763772 759176 767582 762942 767212 778592 772618 761530 749497
756955 773472 772020 762237 765475 751526 761855 770088 769292
3
548603 542070 537115 543902 534533 556121 546319 549708 540866
540601 543081 546107 551851 537005 549390 546959 537824 546427
3
784184 786644 799981 806871 785076 788350 790848 797352 799868
791370 798150 785812 797715 797930 789006 800293 786265 792638
3
2 2 2 2 2 2 3 3 3
2 2 2 2 2 3 3 3 3
3
532780 937626 780054 999735 193538 585513 201883 347158 582477
469817 674170 476211 571387 395323 384598 353053 975060 324793
3
517685 250400 801260 329742 418396 70811 540291 241958 936673
504940 131917 943335 714895 518104 976684 894141 186541 741809
3
3 3 3 3 2 2 3 2 1
2 3 3 2 2 1 2 1 1
3
314665 309939 301154 307798 307276 304000 306879 310686 309342
310870 307356 310322 308079 305475 308081 310844 306399 304307
3
657860 833135 150875 186406 290101 201302 636215 545237 679041
499802 730686 310718 683732 837963 26354 891601 440365 234128
3
465059 467118 455409 458596 465486 455212 459061 463143 457139
461360 458292 456932 465724 460202 464856 463430 453973 461451
3
919033 732653 899989 398005 424233 71762 162312 877749 952361
387239 456678 161961 483125 259686 566040 983636 126521 195790
3
4 5 1 3 7 3 4 3 7
8 3 2 5 4 4 5 4 4
3
2 1 1 1 2 1 1 1 3
2 1 1 1 2 1 2 1 2
3
534176 542024 532397 537738 541134 540417 540848 539472 547069
535477 535675 538126 543271 540750 540751 540959 539779 540482
3
112485 728961 891068 123886 308149 634479 693722 133219 317458
522549 691715 53439 171586 968956 384177 948106 243754 85192
3
9 9 9 9 9 9 9 9 9
9 9 9 9 9 9 9 9 9
3
505058 551784 200375 889775 226559 152878 376815 725004 800497
414835 426861 941968 131997 565001 981756 678434 948823 995071
3
389421 575400 418252 159613 707857 447284 835032 900016 663215
681021 833989 60579 223875 332541 896464 337643 538309 903800
3
908851 257426 745749 380712 92151 225748 725829 255037 5133
278593 101287 970057 827806 353993 568761 375903 316163 36402
3
894075 883574 885287 862616 886097 895524 891443 886387 894057
884460 884256 884099 886362 886640 890837 893834 884918 883650
3
712674 570346 333341 396994 443707 176362 142134 78931 900250
679602 549691 687855 233829 516358 605138 239785 288844 850105
3
12216 662520 324852 439268 793507 195911 345151 885412 329398
510227 254773 535664 980436 995086 964556 343279 502776 798256
3
147199 285819 917896 361866 764310 641542 906513 70126 880879
917945 270146 418992 49288 350201 812868 713480 994693 715867
3
938150 661981 525771 238111 187441 631600 866213 707273 291871
33951 187300 672271 799472 957391 622411 827109 640960 855011
3
564554 560370 559979 560730 568364 568957 562295 566954 563496
570233 560521 569837 560099 572471 556111 560694 565243 560487
3
2 4 10 1 2 3 4 5 3
7 4 3 4 4 3 2 4 4
3
612764 465026 534846 847282 633480 651103 57207 590811 461119
330812 178851 768477 831021 806843 190248 474621 509626 330117
3
2 2 2 2 2 2 3 3 3
2 2 2 2 3 3 3 3 3
3
320853 327436 324148 327924 330683 328622 326616 322536 329530
327088 323468 326413 326090 323835 326861 322355 330494 331745
3
469464 464832 460216 465116 461727 462046 463892 476983 464111
461459 463552 465105 476637 467547 462223 465290 461091 465484
3
102503 608384 189694 717823 750172 701475 692358 176552 229530
552476 680569 919133 826632 214261 449846 207550 946440 242463
3
613366 571164 434455 387518 116825 777476 147745 352143 660781
398239 138787 417727 745981 132989 273639 295692 771107 629137
3
202521 301973 170566 359043 119412 228894 124342 765575 81516
657225 147860 785624 49789 302330 406933 359606 272864 412650
3
186342 756290 364849 107027 511723 290099 143065 398440 21367
552014 916404 390339 111498 957785 439878 557666 408754 933711
3
824331 820916 829956 828790 829937 825817 824869 830733 828817
819083 829515 821915 835825 826890 821623 828123 824866 836326
3
3 3 3 8 4 3 4 2 1
4 5 4 3 3 3 3 3 5
3
345668 346443 346515 335923 349527 346741 341968 339551 342818
341803 342457 344626 347909 343377 343854 342570 345855 342713
3
4 3 8 5 4 5 6 5 8
4 5 5 5 5 3 6 5 8
3
808766 788039 792598 808984 806352 790625 806099 805061 793154
805843 793546 807771 803023 789112 790878 807224 812509 789772
3
8 2 3 1 3 3 3 3 2
6 3 6 3 5 1 3 3 4
3
1 1 2 2 1 1 5 3 1
1 1 1 1 1 1 1 1 1
3
154180 154392 153994 155176 153785 152227 154118 154001 152891
153450 152089 156443 153557 152470 154087 153204 154922 154542
3
1 3 2 2 2 3 1 1 1
1 1 1 1 1 1 1 1 3
3
5 2 4 4 4 2 3 4 5
2 5 6 4 3 1 4 4 4
