100
2 1
500 300
900
660
2 1
500 300
1500
809
2 2
50 100
450 449
1100 1101
2 1
500 300
300
500
1 8
10
11 13 17 11 16 14 12 18
2 8
6 4
14400 11928 9754 6600 11400 16099 5190 13200
3244 8175 9600 3600 6360 7600 10679 7200
2 4
5 10
11286 12381 11250 13709
24092 27500 25660 24523
1 6
6
610 660 600 606 568 600
2 8
10 4
12000 12642 12834 12000 10890 11809 11757 13310
4951 4356 5107 4390 4800 5324 4758 4800
2 4
420505 735743
465917 997126 866155 606601
760086 610424 376220 933960
2 3
56424 64454
312549 415739 612141
606966 616191 247023
1 1
3
330
2 5
8 7
836 3520 1644 2400 3731
3288 1315 752 2100 2520
2 4
9 1
11340 21600 16646 7526
1783 1540 2400 802
1 3
2
2800 3080 2593
2 6
758754 226022
546187 831082 735599 927811 529864 759239
919440 997427 889385 441841 820795 720700
1 7
1
2160 2402 2214 2640 2400 2400 2278
2 6
5 10
13075 11885 13206 13630 11295 12525
27610 25050 27553 25671 24217 25811
1 2
8
16000 8684
2 2
6 5
6 54
5 55
1 7
1136
975524 237490 847794 569251 987701 853942 984502
2 4
5 4
13750 13636 12500 12856
9770 10752 10000 9000
2 8
7 10
2848 2817 2688 3157 2828 2713 2918 2693
4425 4012 4040 3690 4147 3683 4352 3792
2 6
4 5
4 8 11 16 36 4
20 10 55 5 14 5
2 8
57703 490549
709450 750546 510347 551816 921085 872316 441124 721797
455074 750676 228870 474522 551365 965411 368647 866797
2 3
10 8
8980 9060 8100
7920 7184 7791
2 8
4 1
11000 10000 10797 9088 9934 11000 10591 9051
2573 2250 2250 2702 2431 2500 2689 2460
1 1
5
6796
2 5
5 6
6138 6000 6290 5400 5751
6642 7920 7524 7305 7200
2 5
51163 483702
903694 929154 938803 221837 743893
974671 684527 658706 605185 663756
1 1
6
3954
2 5
2 3
1000 808 440 626 180
285 1256 866 540 1500
2 8
10 5
90 60 30 22 50 11 74 72
55 36 9 37 25 5 30 16
1 8
10
8 1 6 4 5 2 3 7
2 8
7 6
7 21 44 14 77 19 43 55
54 17 6 45 36 18 37 11
2 8
98544 693946
974383 809095 245376 928915 712795 764117 262276 893319
832435 779324 593013 951399 604672 552273 871041 962561
1 2
507986
913744 375189
2 8
10 8
22000 22000 23945 19800 20572 20521 22192 23356
18770 17709 17600 17364 18941 19360 17600 17609
1 6
6
3353 3960 2595 8524 15000 11513
2 1
10 3
900
330
2 7
10 8
110 50 75 40 66 10 110
41 55 8 52 72 32 72
1 1
10
23990
1 1
2
1638
1 7
9
20874 23489 22689 19477 21609 23677 19521
2 3
3 3
17 24 33
27 17 25
1 7
5
2500 454 900 1428 3150 2012 3276
1 1
1
660
2 4
9 4
2970 15151 900 17181
7848 7014 1080 400
2 5
7 6
42 22 28 77 26
25 17 54 36 22
1 6
6
655 660 600 540 542 630
1 7
391923
398309 776939 747241 566476 131255 974851 696623
1 2
8
1601 880
2 6
2 1
4 12 22 12 14 2
1 6 7 6 9 2
1 5
10
33 29 10 110 27
2 1
6 4
18
12
2 1
6040 219327
850510
911036
2 8
9 7
9 9 9 9 9 99 81 9
7 77 7 7 7 7 7 63
2 4
734086 626922
885856 666803 897238 967367
940171 882661 952517 631007
2 5
9 6
3442 2883 4651 1980 900
1813 1080 2350 600 2767
2 8
8 2
800 3063 6825 1483 4400 5541 2465 4800
200 398 635 849 1200 1747 900 1288
2 7
10 2
12350 11700 13040 11996 12838 12994 13050
2798 2860 2514 2608 2386 2610 2622
2 8
7 9
7 7 77 7 7 63 7 7
9 9 9 9 9 99 9 81
1 6
5
11 21 40 19 45 55
1 4
7
13230 16147 14700 13932
1 3
5
10350 1535 7989
1 7
10
6600 3000 4280 4771 2136 7350 1100
2 8
6 8
8580 6000 10800 2292 12548 9877 5414 13221
18483 3140 15339 14400 8000 8291 9360 16832
1 7
5
1968 5404 1500 3850 5388 5802 5825
1 5
235412
821398 675724 877680 999864 890597
2 8
9 5
9868 8519 9900 9792 8789 9900 8906 9000
5000 4525 5367 4912 4641 5256 4500 4500
2 8
501537 232520
522774 824947 934238 830593 810836 995973 982784 541229
968574 976471 621106 942077 633746 709633 702318 782715
1 1
8
800
2 3
4 6
4000 4750 7480
6000 9180 7375
2 7
3 5
1890 2255 2106 2282 1919 1969 2136
3193 3510 3338 3850 3762 3483 3634
1 3
9
15163 14153 12960
1 4
5
2276 2500 2750 2493
2 3
4 8
8142 6000 6760
14199 12000 16361
1 8
762395
586773 542244 910985 728188 749889 947609 985740 984569
1 2
8
6641 10454
2 7
4695 225435
288769 936693 678369 857028 983441 520930 456572
538296 364832 369745 657746 988807 983535 656883
1 4
4
880 400 1589 1305
1 3
1000000
900001 899999 900000
1 3
1
1760 1479 1600
1 3
5
6858 5895 6942
2 7
6 3
10666 9180 11286 9650 10695 9711 10218
4777 4617 5173 4630 4731 5610 5109
2 8
45397 16573
955162 669366 628856 928127 993779 574534 552017 929209
184120 830490 721382 663202 781794 334124 385139 974218
1 5
6
30 54 42 24 11
1 5
1
6 2 9 4 7
1 7
6
6 6 6 6 6 6 54
1 5
5
44 23 38 55 30
2 8
5 3
2700 1000 2339 4094 550 1976 1576 3500
1474 270 600 1980 2572 2100 982 1267
2 7
1 5
1287 1200 1133 1182 1200 1120 1320
6000 5588 5400 5791 6098 6000 6469
1 2
2
10 2
1 1
3
3
1 7
4
5417 1206 7238 1200 5148 8640 3731
2 8
1 1
1000000 999999 999998 999997 999996 999995 999994 999993
999992 999991 999990 999989 999988 999987 999986 999985
2 3
3 6
547 938 270
660 1820 1114
1 6
4
394 1858 1302 1440 2371 800
1 5
3
3 3 3 27 3
2 8
6 4
5701 569 4437 3000 12499 15543 2160 5280
8249 1760 2000 2880 10118 397 2970 3589
