10
20
4 10 8 9 17 20 1 11 18 7 14 3 5 2 15 19 16 12 13 6 
1 13 3 4 17 20 18 14 2 9 16 11 10 7 12 19 15 8 6 5 
29
10 20 12 21 24 1 15 11 13 14 3 23 29 6 7 2 27 26 17 25 19 18 5 4 8 28 22 16 9 
9 16 22 28 8 4 5 18 19 25 17 26 27 2 7 6 29 23 3 14 13 11 15 1 24 21 12 20 10 
38
25 19 29 3 20 37 8 33 35 24 10 21 28 12 38 32 7 23 22 2 5 6 16 13 11 4 26 27 18 34 31 1 36 15 9 14 30 17 
37 20 3 29 19 25 8 33 35 24 10 21 28 12 38 32 7 23 22 2 5 6 16 13 11 4 26 27 18 34 31 1 36 15 9 14 17 30 
47
8 3 29 19 23 28 16 21 39 11 1 14 32 7 26 38 44 30 24 40 25 6 34 10 4 18 41 2 33 5 35 20 43 15 42 12 22 36 46 37 45 17 47 31 27 9 13 
13 9 27 31 47 42 45 37 14 36 22 21 17 15 43 20 35 5 33 2 41 18 4 10 34 6 25 40 24 30 44 38 26 7 32 46 1 11 39 12 16 28 23 19 29 3 8 
56
26 8 42 13 3 44 38 40 33 56 24 30 35 19 11 16 9 34 12 18 23 55 20 22 37 48 54 2 1 41 45 31 7 5 52 28 6 29 27 25 47 14 32 39 49 4 53 43 15 51 17 21 50 46 10 36 
38 44 3 13 42 8 26 40 33 56 24 30 35 19 11 16 9 34 12 18 23 55 20 22 37 48 54 2 1 41 45 31 7 5 52 28 6 29 27 25 47 14 32 39 49 4 53 43 15 36 10 46 50 21 17 51 
64
26 58 39 64 31 22 60 3 14 57 32 20 43 4 49 17 53 27 48 16 42 38 50 34 62 23 44 63 2 1 41 33 10 40 15 55 24 56 5 51 18 13 30 8 37 29 54 19 52 45 21 46 7 47 61 36 35 25 12 9 11 6 28 59 
21 62 41 37 33 42 34 52 12 40 10 28 47 31 7 51 58 29 35 6 4 17 46 5 53 49 55 16 23 50 3 25 54 59 2 45 43 18 38 24 20 64 27 44 32 22 8 11 61 15 56 60 39 36 19 26 48 57 1 63 13 30 14 9 
73
37 46 43 53 25 8 14 64 41 69 31 28 61 60 73 3 47 18 58 4 5 27 7 57 65 22 29 49 72 52 13 67 19 32 42 34 21 63 66 48 16 12 24 38 62 50 6 2 54 45 59 35 39 33 40 9 56 10 71 11 36 51 1 55 30 15 17 23 44 20 68 70 26 
26 70 68 20 44 23 17 15 30 55 1 51 36 11 71 10 56 9 40 33 39 35 59 45 54 2 6 50 62 38 24 12 16 48 66 63 21 34 42 32 19 67 13 52 72 49 29 22 65 57 7 27 5 4 58 18 47 3 73 60 61 28 31 69 41 64 14 8 25 53 43 46 37 
82
24 69 64 3 72 79 40 10 65 78 19 70 18 61 58 82 50 13 77 43 63 29 46 8 74 66 22 53 12 60 42 47 68 36 5 62 38 1 14 59 2 26 54 56 17 32 51 80 73 45 9 48 23 52 39 57 76 28 25 34 20 81 41 30 49 27 4 67 75 6 55 15 33 37 11 31 21 16 71 44 35 7 
12 35 44 71 26 21 31 11 37 33 57 55 6 75 49 4 27 67 30 29 81 20 34 25 28 76 73 39 52 23 48 72 45 15 80 51 32 17 56 54 16 2 59 14 1 38 62 5 36 68 47 42 60 7 53 22 66 74 8 46 41 63 43 77 13 50 82 9 61 18 70 19 78 65 10 40 79 58 3 64 69 24 
91
29 26 39 3 46 12 25 54 8 47 71 65 7 22 49 45 70 41 11 77 38 9 52 34 68 37 1 58 14 42 91 63 31 40 69 48 73 72 33 53 35 81 44 51 55 27 78 10 32 6 20 61 5 85 84 75 24 83 66 43 88 23 30 82 18 50 64 16 90 67 2 19 17 76 74 60 79 59 89 13 62 57 36 87 56 28 4 21 15 80 86 
29 26 39 89 46 12 25 54 8 80 71 21 7 22 49 45 43 41 11 77 38 9 52 34 10 37 1 58 14 42 91 63 31 40 69 84 73 72 33 53 35 81 44 51 3 27 78 68 32 6 20 61 5 85 48 75 24 83 66 70 88 23 30 18 82 50 64 16 90 67 2 19 17 76 74 60 79 59 55 13 62 57 36 87 47 28 4 65 15 56 86 
100
33 78 58 94 92 80 63 50 45 52 40 82 41 79 32 100 57 90 44 55 64 36 24 7 1 48 56 46 74 95 70 17 18 75 35 25 85 31 49 23 10 37 9 16 53 11 89 21 22 20 30 26 34 42 27 14 51 59 60 83 96 29 91 28 81 5 47 38 99 19 88 13 67 97 86 2 65 72 69 98 66 62 77 3 6 76 68 93 71 4 12 43 84 73 54 61 87 8 15 39 
6 32 25 83 36 50 49 33 60 80 71 62 1 34 70 17 14 90 42 10 35 7 93 97 98 29 22 73 82 12 51 44 68 30 84 100 76 16 21 75 11 56 94 43 19 96 89 53 66 67 2 48 4 59 61 69 91 23 55 72 52 64 15 87 13 39 26 65 9 40 28 99 37 38 57 79 27 88 41 47 20 24 74 3 63 45 58 46 85 77 5 78 95 92 31 54 81 8 18 86 
